/*--------------------------------*- C++ -*----------------------------------*\
  =========                 |
  \\      /  F ield         | OpenFOAM: The Open Source CFD Toolbox
   \\    /   O peration     | Website:  https://openfoam.org
    \\  /    A nd           | Version:  7
     \\/     M anipulation  |
\*---------------------------------------------------------------------------*/
FoamFile
{
    version     2.0;
    format      ascii;
    class       faceSet;
    location    "constant/polyMesh/sets";
    object      bottomPatch;
}
// * * * * * * * * * * * * * * * * * * * * * * * * * * * * * * * * * * * * * //


8992
(
796409 
796410 
796412 
796413 
796497 
796498 
796528 
796529 
796586 
796587 
796641 
796642 
796645 
796646 
796727 
796728 
797019 
797020 
797021 
797022 
797028 
797029 
797030 
797031 
797074 
797075 
797076 
797077 
797126 
797127 
797128 
797129 
797140 
797141 
797142 
797143 
797186 
797187 
797188 
797189 
797217 
797218 
797219 
797220 
797249 
797250 
797251 
797252 
797574 
797575 
797576 
797577 
797578 
797579 
797580 
797581 
797636 
797639 
797640 
797727 
797728 
797729 
797730 
797731 
797735 
797736 
797757 
797758 
797762 
797839 
797840 
797850 
797851 
798040 
798041 
798042 
798043 
798044 
798045 
798056 
798057 
798058 
798059 
798060 
798062 
798063 
798075 
798076 
798077 
798078 
798079 
798080 
798092 
798093 
798094 
798095 
798107 
798108 
798109 
798110 
798121 
798123 
798124 
798125 
798126 
798137 
798138 
798139 
798140 
798141 
798142 
798154 
798276 
798279 
798280 
798283 
798286 
798288 
798289 
798291 
798294 
798295 
798296 
798486 
798487 
798488 
798489 
798490 
798491 
798492 
798494 
798500 
798501 
798502 
798503 
798504 
798505 
798506 
798508 
798509 
798510 
798511 
798512 
798519 
798520 
798521 
798522 
798523 
798524 
798525 
798526 
798528 
798529 
798530 
798531 
798532 
798533 
798534 
798536 
798537 
798538 
798539 
798540 
798541 
798542 
798544 
798545 
798546 
798547 
798549 
798559 
798565 
798566 
798567 
798568 
798569 
798570 
798571 
798572 
798573 
798575 
798576 
798577 
798578 
798579 
798580 
798581 
798583 
798584 
798585 
798586 
798587 
798588 
798589 
798591 
798592 
798598 
798604 
798726 
798731 
798734 
798735 
798736 
798737 
798738 
798744 
798745 
798747 
798748 
798749 
798752 
798753 
798754 
798759 
798762 
798763 
798764 
798766 
798767 
798768 
798769 
798770 
798777 
798778 
798783 
798785 
798786 
798793 
798794 
798796 
798797 
798798 
798800 
798801 
798802 
798803 
798809 
798811 
798812 
798818 
798822 
798823 
798824 
798926 
798927 
798928 
798931 
798932 
798935 
798936 
798938 
798941 
798942 
798944 
798948 
798949 
798951 
798954 
798957 
798958 
798959 
798962 
799149 
799151 
799154 
799156 
799158 
799160 
799162 
799164 
799166 
799168 
799173 
799175 
799178 
799180 
799183 
799185 
799186 
799189 
799191 
799194 
799196 
799198 
799200 
799204 
799206 
799208 
799210 
799213 
799215 
799218 
799220 
799222 
799224 
799227 
799229 
799230 
799232 
799235 
799237 
799239 
799241 
799244 
799248 
799250 
799356 
799361 
799367 
799368 
799373 
799376 
799378 
799380 
799391 
799392 
799395 
799438 
799456 
799465 
799472 
799478 
799483 
799491 
799495 
799499 
799569 
799579 
799583 
799584 
799585 
799588 
799594 
799599 
799600 
799619 
799624 
799625 
799626 
799628 
799632 
799638 
799722 
799725 
799726 
799729 
799730 
799733 
799734 
799737 
799738 
799741 
799742 
799745 
799746 
799749 
799750 
799753 
799787 
799788 
799790 
799791 
799793 
799794 
799796 
799797 
799799 
799800 
799802 
799803 
799805 
799806 
799808 
799809 
800070 
800071 
800072 
800073 
800074 
800075 
800076 
800077 
800078 
800079 
800080 
800081 
800082 
800083 
800084 
800085 
800086 
800087 
800088 
800089 
800090 
800091 
800092 
800093 
800094 
800095 
800096 
800097 
800098 
800099 
800100 
800101 
800102 
800103 
800104 
800105 
800106 
800107 
800108 
800109 
800110 
800111 
800112 
800113 
800114 
800115 
800116 
800117 
800118 
800119 
800120 
800121 
800122 
800123 
800124 
800125 
800126 
800127 
800128 
800129 
800130 
800131 
800132 
800133 
800134 
800135 
800136 
800137 
800138 
800139 
800140 
800141 
800142 
800143 
800144 
800145 
800146 
800147 
800148 
800149 
800150 
800151 
800152 
800153 
800154 
800155 
800156 
800157 
800158 
800159 
800160 
800161 
800162 
800163 
800164 
800165 
800166 
800167 
800168 
800169 
800170 
800171 
800172 
800173 
800174 
800175 
800176 
800177 
800178 
800179 
800180 
800181 
800182 
800183 
800184 
800185 
800186 
800187 
800188 
800189 
800190 
800191 
800192 
800193 
800194 
800195 
800196 
800197 
800198 
800199 
800200 
800201 
800202 
800203 
800204 
800205 
800206 
800207 
800208 
800209 
800210 
800211 
800212 
800213 
800214 
800215 
800216 
800217 
800218 
800219 
800220 
800221 
800222 
800223 
800224 
800225 
800226 
800227 
800228 
800229 
800230 
800231 
800232 
800233 
800234 
800235 
800236 
800237 
800238 
800239 
800240 
800241 
800242 
800243 
800244 
800245 
800246 
800247 
800248 
800249 
800250 
800251 
800252 
800253 
800254 
800255 
800256 
800257 
800258 
800259 
800260 
800261 
800262 
800263 
800264 
800265 
800266 
800267 
800268 
800269 
800270 
800271 
800272 
800273 
800274 
800275 
800276 
800277 
800278 
800279 
800280 
800281 
800282 
800283 
800284 
800285 
800286 
800287 
800288 
800289 
800290 
800291 
800292 
800293 
800294 
800295 
800296 
800297 
800298 
800299 
800300 
800301 
800302 
800303 
800304 
800305 
800306 
800307 
800308 
800309 
800310 
800311 
800312 
800313 
800314 
800315 
800316 
800317 
800318 
800319 
800320 
800321 
800322 
800323 
800324 
800325 
800326 
800327 
800328 
800329 
800330 
800331 
800332 
800333 
800334 
800335 
800336 
800337 
800338 
800339 
800340 
800438 
800439 
800440 
800441 
800442 
800443 
800456 
800457 
800458 
800459 
800460 
800461 
800462 
800463 
800464 
800465 
800466 
800467 
800468 
800469 
800470 
800471 
800472 
800473 
800474 
800475 
800476 
800477 
800478 
800479 
800496 
800497 
800498 
800499 
800500 
800501 
800502 
800503 
800504 
800505 
800506 
800507 
800508 
800509 
800510 
800511 
800512 
800513 
800514 
800515 
800516 
800517 
800518 
800519 
800520 
800521 
800522 
800523 
800524 
800525 
800526 
800527 
800528 
800529 
800530 
800531 
800532 
800533 
800534 
800535 
800536 
800537 
800538 
800539 
800540 
800541 
800542 
800543 
800544 
800545 
800546 
800547 
800548 
800549 
800550 
800551 
800552 
800553 
800554 
800555 
800556 
800557 
800558 
800559 
800560 
800561 
800562 
800563 
800564 
800565 
800566 
800567 
800568 
800569 
800570 
800571 
800577 
800578 
800579 
800580 
800581 
800582 
800583 
800584 
800585 
800586 
800587 
800588 
800589 
800590 
800591 
800592 
800593 
800594 
800595 
800596 
800597 
800598 
800599 
800600 
800601 
800602 
800603 
800604 
800605 
800606 
800607 
800608 
800609 
800610 
800611 
800612 
800613 
800614 
800615 
800616 
800617 
800618 
800619 
800620 
800621 
800622 
800623 
800624 
800625 
800626 
800627 
800628 
800629 
800630 
800631 
800632 
800633 
800634 
800635 
800636 
800637 
800638 
800639 
800640 
800641 
800642 
800643 
800644 
800645 
800646 
800647 
800648 
800649 
800650 
800651 
800652 
800653 
800654 
800655 
800656 
800657 
800658 
800659 
800660 
800661 
800662 
800663 
800664 
800665 
800666 
800667 
800668 
800669 
800670 
800675 
800676 
800677 
800678 
800679 
800680 
800693 
800694 
800695 
800696 
800697 
800698 
800699 
800700 
800701 
800702 
800703 
800704 
800705 
800706 
800707 
800708 
800709 
800710 
800711 
800712 
800713 
800714 
800715 
800716 
800717 
800718 
800719 
800720 
800721 
800722 
800723 
800724 
800725 
800726 
800727 
800728 
800729 
800730 
800731 
800732 
800733 
800734 
800735 
800736 
800737 
800738 
800739 
800740 
800741 
800742 
800743 
800744 
800745 
800746 
800747 
800748 
800749 
800750 
800751 
800752 
800753 
800754 
800755 
800756 
800757 
800758 
800759 
800760 
800761 
800762 
800763 
800764 
800765 
800766 
800767 
800768 
800769 
800770 
800771 
800772 
800773 
800774 
800775 
800776 
800777 
800778 
800779 
800780 
800781 
800782 
800783 
800784 
800785 
800786 
800787 
800788 
800789 
800790 
800791 
800792 
800809 
800810 
800811 
800812 
800813 
800814 
800815 
800816 
800817 
800818 
800819 
800820 
800821 
800822 
800823 
800824 
800825 
800826 
800827 
800828 
800829 
800830 
800831 
800832 
800833 
800834 
800835 
800836 
800837 
800838 
800839 
800840 
800841 
800842 
800843 
800844 
800845 
800846 
800847 
800848 
800849 
800850 
800851 
800852 
800853 
800854 
800855 
800856 
800857 
800858 
800859 
800860 
800861 
800862 
800863 
800864 
800865 
800866 
800867 
800868 
800869 
800870 
800871 
800872 
800873 
800874 
800875 
800876 
800877 
800878 
800879 
800880 
800881 
800882 
800883 
800884 
800885 
800886 
800887 
800888 
800889 
800890 
800891 
800892 
800893 
800894 
800895 
800896 
800897 
800898 
800899 
800900 
800901 
800902 
800903 
800904 
800905 
800906 
800907 
800908 
800909 
800910 
800911 
800912 
800913 
800914 
800915 
800916 
800917 
800918 
800919 
800920 
800925 
800926 
800927 
800928 
800929 
800930 
800931 
800932 
800933 
800934 
800935 
800936 
800937 
800938 
800939 
800940 
800941 
800942 
800943 
800944 
800945 
800946 
800947 
800948 
800949 
800950 
800951 
800952 
800953 
800954 
800955 
800956 
800957 
800958 
800959 
800960 
800961 
800962 
800963 
800964 
800965 
800966 
800967 
800968 
800969 
800970 
800971 
800972 
800973 
800974 
800975 
800976 
800977 
800978 
800979 
800980 
800981 
800982 
800983 
800984 
800985 
800986 
800987 
800988 
800989 
800990 
800991 
800992 
800993 
800994 
800995 
800996 
800997 
800998 
800999 
801000 
801001 
801002 
801003 
801004 
801005 
801006 
801007 
801008 
801009 
801010 
801011 
801012 
801013 
801014 
801015 
801016 
801017 
801018 
801019 
801020 
801021 
801022 
801023 
801024 
801025 
801026 
801027 
801028 
801029 
801030 
801031 
801032 
801033 
801034 
801035 
801036 
801037 
801038 
801039 
801040 
801053 
801054 
801055 
801056 
801057 
801058 
801059 
801060 
801061 
801062 
801063 
801064 
801065 
801066 
801067 
801068 
801069 
801070 
801071 
801072 
801073 
801074 
801075 
801076 
801077 
801078 
801079 
801080 
801081 
801082 
801083 
801084 
801085 
801086 
801087 
801088 
801089 
801090 
801091 
801092 
801093 
801094 
801095 
801096 
801097 
801098 
801099 
801100 
801101 
801102 
801103 
801104 
801105 
801106 
801107 
801108 
801109 
801110 
801111 
801112 
801113 
801114 
801115 
801116 
801117 
801118 
801119 
801120 
801121 
801122 
801123 
801124 
801125 
801126 
801127 
801128 
801129 
801130 
801131 
801132 
801133 
801134 
801135 
801136 
801137 
801138 
801139 
801140 
801141 
801142 
801143 
801144 
801145 
801146 
801147 
801148 
801149 
801150 
801166 
801167 
801168 
801169 
801170 
801171 
801172 
801173 
801174 
801175 
801176 
801177 
801178 
801179 
801180 
801181 
801182 
801183 
801184 
801185 
801186 
801187 
801188 
801189 
801190 
801191 
801192 
801193 
801194 
801195 
801196 
801197 
801198 
801199 
801200 
801201 
801202 
801203 
801204 
801205 
801206 
801207 
801208 
801209 
801210 
801211 
801212 
801213 
801214 
801215 
801216 
801217 
801218 
801219 
801220 
801221 
801222 
801223 
801224 
801225 
801226 
801227 
801228 
801229 
801230 
801231 
801232 
801233 
801234 
801235 
801236 
801237 
801238 
801239 
801240 
801241 
801242 
801243 
801244 
801245 
801246 
801247 
801248 
801249 
801250 
801251 
801252 
801253 
801254 
801255 
801256 
801257 
801259 
801260 
801261 
801263 
801264 
801265 
801266 
801267 
801268 
801269 
801270 
801271 
801272 
801273 
801274 
801275 
801276 
801277 
801278 
801279 
801280 
801281 
801282 
801283 
801284 
801285 
801286 
801287 
801288 
801289 
801290 
801291 
801292 
801293 
801294 
801295 
801296 
801297 
801298 
801299 
801300 
801301 
801302 
801303 
801304 
801305 
801306 
801307 
801308 
801309 
801310 
801311 
801312 
801313 
801314 
801315 
801316 
801317 
801318 
801319 
801320 
801321 
801322 
801323 
801324 
801325 
801326 
801327 
801328 
801329 
801330 
801334 
801335 
801336 
801337 
801350 
801351 
801352 
801353 
801354 
801355 
801356 
801357 
801358 
801359 
801360 
801361 
801362 
801363 
802836 
802837 
802838 
802839 
802840 
802841 
802842 
802843 
802844 
802845 
802846 
802847 
802848 
802849 
802850 
802851 
802852 
802853 
802854 
802855 
802856 
802857 
802858 
802859 
802860 
802861 
802862 
802865 
802866 
802867 
802875 
802876 
802877 
802879 
802880 
802881 
802882 
802885 
802886 
802887 
802888 
802889 
802890 
802891 
802892 
802897 
802898 
802899 
802900 
802903 
802904 
802905 
802907 
802908 
802909 
802912 
802913 
802914 
802918 
802919 
802920 
802925 
802926 
802927 
802928 
802929 
802930 
802931 
802932 
802933 
802934 
802935 
802936 
802937 
802938 
802939 
802940 
802941 
802942 
802943 
802944 
802945 
802946 
802947 
802948 
802951 
802952 
802953 
802957 
802958 
802959 
802961 
802962 
802963 
802964 
802966 
802967 
802968 
802973 
802974 
802975 
802976 
802977 
802978 
802979 
802980 
802981 
802982 
802983 
802984 
802985 
802986 
802987 
802988 
802989 
802990 
802991 
802992 
803168 
803169 
803170 
803171 
803172 
803173 
803174 
803175 
803176 
803178 
803179 
803180 
803181 
803182 
803183 
803185 
803186 
803187 
803188 
803190 
803191 
803192 
803193 
803194 
803195 
803198 
803199 
803200 
803201 
803202 
803204 
803205 
803206 
803207 
803208 
803210 
803211 
803212 
803213 
803214 
803268 
803269 
803270 
803271 
803276 
803277 
803278 
803279 
803284 
803285 
803286 
803287 
803288 
803289 
803290 
803291 
803292 
803293 
803294 
803295 
803296 
803309 
803310 
803311 
803312 
803313 
803314 
803315 
803316 
803317 
803318 
803391 
803394 
803395 
803397 
803399 
803401 
803402 
803415 
803416 
803417 
803418 
803419 
803420 
803421 
803422 
803423 
803424 
803425 
803426 
803427 
803428 
803429 
803430 
803431 
803432 
803433 
803434 
803435 
803436 
803437 
803438 
803463 
803465 
803467 
803469 
803511 
803512 
803513 
803514 
803515 
803516 
803517 
803518 
803519 
803520 
803521 
803522 
803523 
803524 
803525 
803526 
803527 
803528 
803529 
803530 
803531 
803532 
803533 
803534 
803567 
803569 
803571 
803575 
803576 
803577 
738269 
738271 
738272 
738275 
738276 
738277 
738279 
738280 
738281 
738282 
738283 
738284 
738285 
738286 
738287 
738288 
738289 
738290 
738291 
738292 
738293 
738294 
738295 
738296 
738297 
738298 
738299 
738300 
738302 
738303 
738305 
738306 
738307 
738308 
738309 
738310 
738311 
738312 
738313 
738314 
738315 
738316 
738317 
738318 
738319 
738320 
738321 
738322 
738323 
738324 
738325 
738326 
738327 
738328 
738329 
738330 
738331 
738332 
738333 
738334 
738335 
738336 
738337 
738338 
738339 
738340 
738341 
738342 
738343 
738344 
738345 
738346 
738347 
738348 
738349 
738350 
738351 
738352 
738353 
738354 
738355 
738356 
738357 
738358 
738359 
738360 
738361 
738362 
738363 
738364 
738365 
738366 
738367 
738368 
738369 
738370 
738371 
738373 
738374 
738375 
738376 
738377 
738378 
738379 
738380 
738381 
738382 
738383 
738384 
738385 
738386 
738387 
738388 
738389 
738390 
738391 
738392 
738393 
738394 
738395 
738396 
738397 
738398 
738399 
738400 
738401 
738402 
738403 
738404 
738405 
738406 
738407 
738408 
738409 
738411 
738413 
738414 
738415 
738416 
738417 
738418 
738419 
738420 
738421 
738422 
738423 
738424 
738425 
738426 
738427 
738428 
738429 
738430 
738431 
738432 
738433 
738434 
738435 
738436 
738437 
738438 
738439 
738440 
738441 
738442 
738443 
738444 
738445 
738446 
738447 
738448 
738449 
738450 
738451 
738452 
738453 
738454 
738455 
738456 
738457 
738458 
738459 
738460 
738461 
738462 
738463 
738464 
738465 
738466 
738467 
738468 
738469 
738470 
738471 
738472 
738473 
738474 
738475 
738476 
738477 
738478 
738479 
738480 
738481 
738482 
738483 
738484 
738485 
738486 
738487 
738488 
738489 
738490 
738491 
738492 
738493 
738494 
738495 
738496 
738497 
738498 
738499 
738500 
738501 
738502 
738503 
738504 
738505 
738506 
738507 
738508 
738509 
738510 
738511 
738512 
738513 
738514 
738515 
738516 
738517 
738518 
738519 
738521 
738522 
738523 
738524 
738525 
738526 
738527 
738528 
738529 
738530 
738531 
738532 
738533 
738534 
738535 
738536 
738537 
738538 
738539 
738540 
738541 
738542 
738543 
738544 
738545 
738546 
738547 
738548 
738549 
738550 
738551 
738552 
738553 
738554 
738555 
738556 
738557 
738558 
738559 
738560 
738561 
738562 
738563 
738564 
738565 
741738 
741739 
741741 
741742 
741743 
741744 
741745 
741746 
741747 
741748 
741749 
741752 
741753 
741754 
741755 
741756 
741757 
741758 
741759 
741760 
741761 
741763 
741764 
741765 
741766 
741767 
741768 
741769 
741770 
741771 
741772 
741773 
741774 
741775 
741776 
741777 
741778 
741780 
741781 
741784 
741786 
741787 
741788 
741789 
741793 
741794 
741795 
741796 
741797 
741798 
741799 
741800 
741801 
741802 
741803 
741804 
741805 
741806 
741807 
741808 
741809 
741810 
741811 
741812 
741813 
741814 
741815 
741816 
741817 
741818 
741819 
741820 
741821 
741822 
741823 
741824 
741825 
741826 
741827 
741828 
741829 
741830 
741831 
741832 
741833 
741834 
741835 
741836 
741837 
741838 
741839 
741840 
741841 
741842 
741843 
741844 
741845 
741846 
741847 
741848 
741849 
741850 
741851 
741852 
741853 
741855 
741856 
741857 
741858 
741859 
741860 
741861 
741862 
741863 
741864 
741865 
741866 
741867 
741869 
741873 
741874 
741876 
741877 
741878 
741879 
741880 
741881 
741882 
741883 
741884 
741885 
741886 
741887 
741888 
741889 
741890 
741891 
741892 
741893 
741894 
741895 
741896 
741897 
741898 
741899 
741900 
741901 
741902 
741903 
741904 
741905 
741906 
741907 
741908 
741909 
741910 
741911 
741912 
741913 
741914 
741915 
741916 
741917 
741918 
741919 
741920 
741921 
741922 
741923 
741924 
741925 
741926 
741927 
741928 
741929 
741930 
741931 
741932 
741933 
741934 
741935 
741936 
741937 
741938 
741939 
741940 
741941 
741942 
741943 
741944 
741945 
741946 
741947 
741948 
741949 
741950 
741951 
741952 
741953 
741954 
741955 
741956 
741957 
741958 
741959 
741960 
741962 
741963 
741964 
741965 
741966 
741967 
741968 
741969 
741970 
741971 
741973 
741974 
741977 
741978 
741979 
741980 
741981 
741982 
741983 
741984 
741986 
741987 
741988 
741989 
741990 
741991 
741992 
741993 
741994 
741995 
741996 
741997 
741998 
741999 
742000 
742001 
742002 
742003 
742004 
742005 
742006 
742007 
742008 
742009 
742010 
742011 
742012 
742013 
742014 
742015 
742016 
742017 
742018 
742019 
742020 
742021 
742022 
742023 
742024 
742025 
742026 
742027 
742028 
742029 
742030 
742031 
742032 
742033 
742034 
742035 
742036 
742037 
742038 
742039 
742040 
742041 
742042 
742043 
742044 
742045 
742046 
742047 
742048 
742049 
742050 
742051 
742052 
742053 
742054 
742055 
742056 
742057 
742058 
742059 
742060 
742061 
742062 
742063 
742064 
742065 
742066 
742067 
742068 
742069 
742070 
742071 
742072 
742073 
742074 
742075 
742076 
742077 
742078 
742079 
742080 
742081 
742082 
742083 
742084 
742085 
742086 
742087 
742088 
742089 
742090 
742091 
742094 
742095 
742096 
742097 
742098 
742099 
742100 
742101 
742102 
742103 
742104 
742105 
742106 
742107 
742108 
742109 
742110 
742111 
742112 
742113 
742114 
742115 
742116 
742117 
742118 
742119 
742120 
742121 
742122 
742123 
742124 
742125 
742126 
742127 
742128 
742129 
742130 
742131 
742132 
742133 
742134 
742135 
742136 
742137 
742138 
742139 
742140 
742141 
742142 
742143 
742144 
742145 
742146 
742147 
742148 
742149 
742150 
742151 
742152 
742153 
742154 
742155 
742156 
742157 
742158 
742159 
742160 
742161 
742162 
742163 
742164 
742165 
742166 
742167 
742168 
742169 
742170 
742171 
742172 
742173 
742174 
742175 
742176 
742177 
742178 
742179 
742180 
742181 
742182 
742183 
742184 
742185 
742186 
742187 
742188 
742189 
742190 
742191 
742192 
742193 
742194 
742195 
742196 
742198 
742199 
742200 
742201 
742202 
742205 
742211 
742212 
742213 
742214 
742215 
742217 
742218 
742219 
742220 
742221 
742222 
742223 
742224 
742225 
742226 
742227 
742228 
742229 
742230 
742231 
742232 
742233 
742234 
742235 
742236 
742237 
742238 
742239 
742240 
742241 
742242 
742243 
742244 
742245 
742246 
742247 
742248 
742249 
742250 
742251 
742252 
742253 
742254 
742255 
742256 
742257 
742258 
742259 
742260 
742261 
742262 
742263 
742264 
742265 
742266 
742267 
742268 
742269 
742270 
742271 
742272 
742273 
742274 
742275 
742276 
742277 
742278 
742279 
742280 
742281 
742282 
742283 
742284 
742285 
742286 
742287 
742288 
742289 
742290 
742291 
742292 
742293 
742294 
742295 
742296 
742297 
742298 
742299 
742300 
742301 
742302 
742303 
742304 
742305 
742306 
742307 
742308 
742309 
742310 
742311 
742312 
742313 
742314 
742315 
742316 
742317 
742318 
742320 
742322 
742323 
742324 
742325 
742326 
742328 
742334 
742335 
742336 
742337 
742338 
742339 
742340 
742342 
742343 
742344 
742345 
742346 
742347 
742348 
742349 
742350 
742351 
742352 
742353 
742354 
742355 
742356 
742357 
742358 
742359 
742360 
742361 
742362 
742363 
742364 
742365 
742366 
742367 
742368 
742369 
742370 
742371 
742372 
742373 
742374 
742375 
742376 
742377 
742378 
742379 
742380 
742381 
742382 
742383 
742384 
742385 
742386 
742387 
742388 
742389 
742390 
742391 
742392 
742393 
742394 
742395 
742396 
742397 
742398 
742399 
742400 
742401 
742402 
742403 
742404 
742405 
742406 
742407 
742408 
742409 
742410 
742411 
742412 
742413 
742414 
742415 
742416 
742417 
742418 
742419 
742420 
742421 
742422 
742423 
742424 
742425 
742426 
742427 
742428 
742429 
742430 
742431 
742432 
742433 
742434 
742435 
742436 
742437 
742438 
742439 
742440 
742441 
742443 
742444 
742446 
742447 
742448 
742449 
742450 
742452 
742453 
742454 
742455 
742456 
742457 
742458 
742459 
742460 
742461 
742462 
742463 
742464 
742465 
742466 
742467 
742468 
742469 
742470 
742471 
742472 
742473 
742474 
742475 
742476 
742477 
742478 
742479 
742480 
742481 
742482 
742483 
742484 
742485 
742486 
742487 
742488 
742489 
742490 
742491 
742492 
742493 
742494 
742495 
742496 
742497 
742498 
742499 
742500 
742501 
742502 
742503 
742504 
742505 
742506 
742507 
742508 
742509 
742510 
742511 
742512 
742513 
742514 
742515 
742516 
742517 
742518 
742519 
742520 
742521 
742522 
742523 
742524 
742525 
742526 
742527 
742528 
742529 
742530 
742531 
742532 
742533 
742534 
742535 
742536 
742537 
742538 
742540 
742541 
742545 
742546 
742547 
742549 
742553 
742554 
742555 
742556 
742557 
742559 
742560 
742561 
742562 
742563 
742564 
742566 
742567 
742568 
742569 
742570 
742571 
742572 
742573 
742574 
742575 
742576 
742577 
742578 
742579 
742580 
742581 
742582 
742583 
742584 
742585 
742586 
742587 
742588 
742589 
742590 
742591 
742592 
742593 
742594 
742595 
742596 
742597 
742598 
742599 
742600 
742601 
742602 
742603 
742604 
742605 
742606 
742607 
742608 
742609 
742610 
742611 
742612 
742613 
742614 
742615 
742616 
742617 
742618 
742619 
742620 
742621 
742622 
742624 
742625 
742628 
742630 
742636 
742637 
742640 
742641 
742642 
742643 
742644 
742645 
742646 
742647 
742648 
742649 
742650 
742652 
742654 
742661 
742662 
742663 
742664 
742665 
742667 
742669 
742670 
742677 
742678 
742679 
742680 
755833 
755834 
755835 
755836 
755837 
755838 
755839 
755840 
755841 
755842 
755843 
755845 
755846 
755847 
755848 
755849 
755850 
755851 
755905 
755906 
755911 
755912 
755913 
755934 
755935 
755936 
755944 
755945 
755962 
755963 
755964 
755965 
755978 
755979 
755984 
755985 
755986 
755987 
755989 
755990 
755995 
755996 
755997 
756042 
756043 
756044 
756053 
756054 
756055 
756063 
756064 
756069 
756070 
756071 
756072 
756074 
756075 
756076 
756077 
756095 
756096 
756097 
756098 
756100 
756101 
756102 
756103 
756116 
756117 
756146 
756147 
756148 
756439 
756440 
756441 
756442 
756443 
756444 
756445 
756446 
756447 
756448 
756547 
756548 
756549 
756550 
756551 
756573 
756574 
756575 
756576 
756577 
756647 
756648 
756649 
756650 
756651 
756653 
756654 
756655 
756656 
756657 
756676 
756677 
756678 
756679 
756680 
756682 
756683 
756684 
756685 
756686 
756988 
756989 
756990 
756991 
756992 
756993 
756994 
756995 
756996 
756997 
756998 
756999 
757000 
757001 
757002 
757003 
757004 
757005 
757006 
757008 
757009 
757011 
757012 
757014 
757015 
757016 
757017 
757018 
757019 
757021 
757022 
757024 
757025 
757027 
757028 
757029 
757030 
757105 
757106 
757108 
757109 
757111 
757112 
757114 
757115 
757116 
757117 
757128 
757129 
757130 
757131 
757132 
757133 
757163 
757164 
757166 
757167 
757169 
757170 
757172 
757173 
757174 
757175 
757212 
757213 
757214 
757215 
757242 
757243 
757245 
757246 
757248 
757249 
757251 
757252 
757253 
757254 
757265 
757266 
757267 
757268 
757269 
757270 
757272 
757273 
757275 
757276 
757278 
757279 
757280 
757281 
757293 
757294 
757295 
757296 
757305 
757306 
757307 
757308 
757309 
757310 
757356 
757357 
757358 
757359 
757360 
757361 
757370 
757371 
757373 
757374 
757376 
757377 
757379 
757380 
757381 
757382 
757394 
757395 
757396 
757397 
757398 
757399 
757400 
757401 
757438 
757439 
757440 
757441 
757442 
757443 
757444 
757445 
757473 
757474 
757476 
757477 
757479 
757480 
757482 
757483 
757484 
757485 
757497 
757498 
757499 
757500 
757501 
757502 
757526 
757527 
757528 
757529 
757530 
757531 
757968 
757969 
757970 
757971 
757972 
757973 
757975 
757976 
757977 
757978 
757979 
757980 
757982 
757983 
757985 
757986 
757987 
757988 
757989 
757991 
757993 
757994 
757995 
757996 
757997 
757998 
758000 
758001 
758002 
758003 
758004 
758005 
758007 
758008 
758009 
758010 
758011 
758012 
758014 
758015 
758016 
758017 
758018 
758020 
758021 
758022 
758023 
758024 
758025 
758026 
758027 
758033 
758034 
758035 
758036 
758040 
758041 
758042 
758043 
758044 
758045 
758047 
758048 
758050 
758051 
758052 
758053 
758054 
758055 
758056 
758057 
758058 
758059 
758063 
758064 
758065 
758066 
758067 
758069 
758071 
758072 
758073 
758074 
758075 
758077 
758079 
758080 
758081 
758082 
758083 
758084 
758086 
758087 
758088 
758089 
758091 
758092 
758094 
758095 
758096 
758097 
758101 
758102 
758103 
758104 
758109 
758110 
758111 
758112 
758113 
758114 
758116 
758117 
758118 
758119 
758120 
758121 
758122 
758123 
758125 
758126 
758127 
758128 
758129 
758130 
758132 
758133 
758135 
758136 
758137 
758138 
758139 
758140 
758142 
758143 
758144 
758145 
758146 
758147 
758149 
758150 
758151 
758152 
758153 
758154 
758155 
758156 
758157 
758158 
758159 
758160 
758164 
758165 
758166 
758168 
758169 
758170 
758171 
758173 
758174 
758177 
758178 
758179 
758180 
758181 
758183 
758186 
758187 
758188 
758189 
758190 
758192 
758193 
758194 
758195 
758196 
758198 
758199 
758200 
758201 
758202 
758203 
758205 
758206 
758207 
758208 
758209 
758210 
758212 
758213 
758215 
758216 
758217 
758218 
758219 
758220 
758222 
758223 
758225 
758226 
758227 
758228 
758229 
758230 
758483 
758485 
758487 
758488 
758489 
758491 
758492 
758494 
758496 
758497 
758499 
758501 
758502 
758504 
758506 
758507 
758509 
758510 
758512 
758513 
758515 
758517 
758518 
758519 
758521 
758523 
758524 
758525 
758527 
758529 
758530 
758532 
758534 
758535 
758536 
758537 
758539 
758541 
758542 
758543 
758545 
758547 
758548 
758550 
758619 
758620 
758621 
758622 
758624 
758625 
758626 
758627 
758633 
758634 
758635 
758636 
758642 
758643 
758644 
758645 
758651 
758652 
758653 
758654 
758660 
758661 
758662 
758663 
758667 
758668 
758669 
758670 
758678 
758679 
758680 
758681 
758747 
758748 
758749 
758750 
758751 
758752 
758753 
758754 
758755 
758756 
758758 
758759 
758760 
758761 
758762 
758764 
758765 
758766 
758767 
758768 
758769 
758770 
758771 
758773 
758774 
758775 
758776 
758777 
758778 
758780 
758781 
758782 
758783 
758784 
758785 
758786 
758787 
758788 
758789 
758790 
758791 
758792 
758793 
758794 
758795 
758797 
758798 
758799 
758800 
758801 
758803 
758804 
758805 
758806 
758807 
758808 
758809 
758811 
758812 
758813 
758815 
758816 
758817 
758819 
758820 
758821 
758822 
758824 
758825 
758826 
758828 
758829 
758830 
758831 
758832 
758834 
758835 
758836 
758837 
758838 
758839 
758840 
758841 
758842 
758843 
758844 
758845 
758846 
758847 
758849 
758850 
758851 
758853 
758854 
758855 
758856 
758857 
758858 
758860 
758861 
758862 
758864 
758865 
758866 
758867 
758868 
758869 
758871 
758872 
758873 
758874 
758876 
758877 
758878 
758879 
758881 
758882 
758883 
758885 
758886 
758887 
758888 
758889 
758891 
758892 
758893 
758894 
758895 
758896 
758897 
758898 
758899 
758900 
758901 
758902 
758903 
758904 
758906 
758907 
758908 
758909 
758910 
758912 
758913 
758914 
758915 
758916 
758917 
758918 
758919 
758920 
758921 
758922 
758923 
758924 
758925 
758927 
758928 
758929 
758930 
758931 
758933 
758934 
758935 
758936 
758937 
758938 
758939 
758940 
758941 
758942 
758943 
758944 
758945 
758946 
758947 
758949 
758950 
758951 
758953 
758954 
758955 
758957 
758958 
758959 
758960 
758961 
758962 
758964 
758965 
758966 
758967 
758968 
758969 
758971 
758972 
758973 
758974 
758975 
758976 
758978 
758979 
758980 
758981 
758982 
758983 
758985 
758986 
758987 
758988 
758989 
758990 
758991 
758992 
758993 
758994 
758995 
758996 
758997 
758998 
758999 
759000 
759001 
759003 
759004 
759005 
759006 
759007 
759009 
759010 
759011 
759012 
759014 
759015 
759016 
759017 
759018 
759020 
759021 
759022 
759023 
759024 
759025 
759026 
759027 
759028 
759029 
759030 
759031 
759032 
759033 
759035 
759036 
759037 
759329 
759330 
759332 
759333 
759334 
759335 
759336 
759337 
759339 
759340 
759341 
759343 
759344 
759345 
759347 
759350 
759351 
759352 
759353 
759354 
759357 
759358 
759359 
759360 
759361 
759363 
759364 
759365 
759366 
759367 
759368 
759370 
759371 
759372 
759373 
759374 
759375 
759377 
759380 
759381 
759382 
759383 
759384 
759387 
759388 
759389 
759390 
759391 
759393 
759396 
759397 
759398 
759399 
759400 
759403 
759404 
759405 
759406 
759407 
759409 
759410 
759411 
759412 
759413 
759414 
759416 
759417 
759418 
759420 
759421 
759423 
759424 
759427 
759428 
759429 
759430 
759431 
759433 
759434 
759435 
759436 
759437 
759439 
759442 
759443 
759444 
759445 
759446 
759449 
759450 
759451 
759452 
759453 
759455 
759456 
759457 
759458 
759459 
759460 
759462 
759463 
759464 
759466 
759467 
759468 
759470 
759471 
759472 
759473 
759474 
759475 
759477 
759478 
759479 
759481 
759482 
759483 
759485 
759486 
759487 
759488 
759489 
759490 
759492 
759493 
759494 
759495 
759496 
759498 
759499 
759502 
759503 
759504 
759505 
759506 
759508 
759509 
759510 
759511 
759512 
759514 
759517 
759518 
759519 
759520 
759521 
759523 
759524 
759525 
759526 
759527 
759529 
759530 
759531 
759532 
759533 
759534 
759536 
759537 
759538 
759540 
759541 
759542 
759544 
759545 
759546 
759547 
759548 
759549 
759551 
759552 
759553 
759555 
759556 
759557 
759559 
759562 
759563 
759564 
759565 
759566 
759569 
759570 
759571 
759810 
759811 
759812 
759813 
759814 
759815 
759816 
759817 
759818 
759819 
759820 
759821 
759823 
759825 
759826 
759827 
759828 
759829 
759830 
759831 
759834 
759835 
759836 
759837 
759839 
759841 
759842 
759843 
759846 
759847 
759848 
759849 
759851 
759853 
759855 
759857 
759858 
759859 
759860 
759862 
759864 
759865 
759866 
759867 
759868 
759871 
759872 
759873 
759874 
759876 
759877 
759878 
759879 
759880 
759881 
759882 
759883 
759885 
759887 
759888 
759889 
759890 
759891 
759892 
759895 
759896 
759897 
759898 
759900 
759901 
759902 
759903 
759906 
759907 
759908 
759909 
759911 
759912 
759914 
759916 
759917 
759918 
759919 
759920 
759921 
759922 
759925 
759926 
759927 
759928 
759930 
759932 
759934 
759935 
759936 
759937 
759938 
759939 
759940 
759941 
759942 
759943 
759944 
759945 
759946 
759947 
759948 
759949 
759950 
759951 
759952 
759953 
759954 
759955 
759957 
759959 
759960 
759961 
759962 
759963 
759964 
759967 
759968 
759969 
759970 
759972 
759974 
759975 
759976 
759979 
759980 
759981 
759982 
759984 
759986 
759988 
759990 
759991 
759992 
759993 
759994 
759995 
759996 
759997 
759998 
759999 
760000 
760001 
760002 
760003 
760004 
760005 
760006 
760199 
760200 
760201 
760202 
760203 
760204 
760205 
760206 
760207 
760208 
760209 
760210 
760211 
760212 
760213 
760214 
760215 
760216 
760217 
760218 
760219 
760220 
760221 
760222 
760223 
760224 
760225 
760226 
760227 
760228 
760229 
760230 
760231 
760232 
760233 
760234 
760235 
760236 
760237 
760238 
760239 
760240 
760241 
760242 
760243 
760244 
760245 
760246 
760247 
760248 
760249 
760250 
760251 
760252 
760253 
760254 
760255 
760256 
760257 
760258 
760259 
760260 
760261 
760262 
760263 
760264 
760265 
760266 
760267 
760268 
760269 
760270 
760344 
760345 
760346 
760348 
760349 
760350 
760352 
760353 
760354 
760356 
760357 
760358 
760360 
760361 
760362 
760364 
760365 
760366 
760368 
760369 
760370 
760372 
760373 
760374 
760407 
760408 
760409 
760410 
760411 
760412 
760413 
760414 
760415 
760416 
760417 
760418 
760419 
760420 
760421 
760424 
760425 
760426 
760427 
760430 
760431 
760432 
760433 
760434 
760435 
760436 
760437 
760438 
760439 
760440 
760441 
760442 
760443 
760444 
760447 
760448 
760449 
760450 
760474 
760475 
760476 
760477 
760478 
760479 
760480 
760481 
760482 
760483 
760491 
760492 
760493 
760494 
760495 
760498 
760499 
760500 
760501 
760504 
760505 
760506 
760507 
760508 
760511 
760512 
760513 
760514 
760517 
760518 
760519 
760520 
760521 
760524 
760525 
760526 
760527 
760544 
760545 
760546 
760547 
760548 
760549 
760550 
760551 
760552 
760553 
760554 
760555 
760556 
760557 
760558 
760559 
760560 
760561 
760562 
760563 
760564 
760565 
760566 
760567 
760568 
760569 
760570 
760571 
760572 
760573 
760588 
760589 
760590 
760591 
760592 
760595 
760596 
760597 
760598 
760601 
760602 
760603 
760604 
760605 
760608 
760609 
760610 
760611 
760614 
760615 
760616 
760617 
760618 
760621 
760622 
760623 
760624 
760634 
760635 
760636 
760637 
760638 
760639 
760640 
760641 
760642 
760643 
760644 
760645 
760646 
760647 
760648 
760649 
760650 
760651 
760652 
760653 
760887 
760888 
760889 
760890 
760891 
760892 
760893 
760894 
760895 
760896 
760897 
760898 
760899 
760900 
760901 
760902 
760903 
760904 
760905 
760906 
760907 
760908 
760909 
760910 
760911 
760912 
760913 
760914 
760915 
760916 
760917 
760918 
760919 
760920 
760921 
760922 
760923 
760924 
760925 
760926 
760927 
760928 
760929 
760930 
760931 
760932 
760933 
760934 
760935 
760936 
760937 
760938 
760939 
760940 
760941 
760942 
760943 
760944 
760945 
760946 
760947 
760948 
760949 
760950 
760951 
760952 
760953 
760954 
760955 
760956 
760957 
760958 
760959 
760960 
760961 
760962 
760963 
760964 
760965 
760966 
761048 
761049 
761050 
761051 
761052 
761054 
761055 
761057 
761058 
761059 
761061 
761063 
761064 
761065 
761067 
761069 
761070 
761072 
761073 
761075 
761076 
761077 
761079 
761080 
761081 
761082 
761084 
761085 
761086 
761087 
761088 
761089 
761090 
761091 
761094 
761100 
761102 
761103 
761104 
761105 
761106 
761107 
761109 
761110 
761111 
761112 
761113 
761115 
761116 
761118 
761119 
761120 
761122 
761124 
761125 
761126 
761128 
761130 
761131 
761133 
761134 
761136 
761137 
761138 
761140 
761141 
761142 
761143 
761145 
761146 
761147 
761148 
761149 
761150 
761151 
761152 
761153 
761154 
761155 
761156 
761157 
761158 
761159 
761160 
761162 
761164 
761168 
761170 
761171 
761172 
761173 
761174 
761175 
761176 
761177 
761178 
761179 
761180 
761181 
761182 
761183 
761184 
761185 
761186 
761187 
761189 
761190 
761191 
761193 
761194 
761195 
761196 
761198 
761200 
761201 
761202 
761204 
761206 
761207 
761208 
761210 
761212 
761213 
761215 
761216 
761218 
761219 
761220 
761221 
761222 
761224 
761225 
761226 
761227 
761228 
761229 
761230 
761231 
761232 
761233 
761234 
761235 
761236 
761237 
761238 
761239 
761240 
761243 
761249 
761251 
761252 
761253 
761254 
761255 
761256 
761257 
761258 
761259 
761260 
761261 
761262 
761264 
761269 
761271 
761272 
761273 
761274 
761275 
761276 
761277 
761278 
761279 
761280 
761281 
761282 
761283 
761284 
761286 
761289 
761295 
761296 
761297 
761298 
761299 
761300 
761301 
761302 
761303 
761304 
761305 
761306 
761307 
761308 
761309 
761310 
761311 
761312 
761313 
761315 
761316 
761317 
761319 
761320 
761321 
761322 
761324 
761326 
761327 
761329 
761330 
761331 
761332 
761333 
761335 
761337 
761338 
761339 
761341 
761343 
761344 
761345 
761347 
761349 
761350 
761352 
761353 
761355 
761356 
761357 
761358 
761359 
761361 
761362 
761364 
761365 
761366 
761368 
761370 
761371 
761372 
761374 
761376 
761377 
761379 
761380 
761382 
761383 
761384 
761385 
761386 
761388 
761389 
761391 
761392 
761393 
761395 
761397 
761398 
761399 
761401 
761403 
761404 
761406 
761407 
761409 
761410 
761411 
761412 
761413 
761415 
761416 
761418 
761419 
761420 
761422 
761423 
761424 
761425 
761427 
761428 
761429 
761430 
761431 
761432 
761433 
761434 
761435 
761436 
761437 
761438 
761439 
761441 
761444 
761446 
761452 
761453 
761454 
761455 
761456 
761457 
761458 
761459 
761460 
761461 
761462 
761463 
761464 
761465 
761467 
761469 
761474 
761476 
761477 
761478 
761479 
761480 
761481 
761482 
761483 
761484 
761485 
761486 
761487 
761488 
761489 
761492 
761498 
761500 
761501 
761502 
761503 
761504 
761505 
761506 
761507 
761508 
761509 
761510 
761512 
761513 
761515 
761516 
761517 
761518 
761519 
761521 
761523 
761524 
761525 
761526 
761527 
761529 
761530 
761532 
761533 
761534 
761536 
761538 
761539 
761540 
761542 
761544 
761545 
761547 
761548 
761550 
761551 
761552 
761554 
761556 
761557 
761558 
761560 
761562 
761563 
761565 
761566 
761568 
761569 
761570 
761571 
761572 
761574 
761575 
761577 
761578 
761579 
761581 
761582 
761583 
761584 
761586 
762129 
762130 
762131 
762132 
762134 
762135 
762138 
762140 
762141 
762142 
762143 
762145 
762147 
762148 
762149 
762150 
762151 
762152 
762153 
762155 
762156 
762159 
762160 
762161 
762162 
762163 
762164 
762165 
762166 
762167 
762168 
762169 
762170 
762171 
762172 
762174 
762175 
762179 
762180 
762181 
762182 
762183 
762184 
762185 
762186 
762189 
762190 
762191 
762192 
762193 
762194 
762195 
762196 
762198 
762199 
762202 
762204 
762205 
762206 
762207 
762208 
762210 
762211 
762214 
762215 
762216 
762217 
762218 
762219 
762221 
762222 
762225 
762226 
762227 
762228 
762230 
762231 
762232 
762233 
762234 
762235 
762236 
762237 
762238 
762239 
762241 
762242 
762243 
762244 
762245 
762246 
762247 
762249 
762250 
762253 
762254 
762255 
762256 
762257 
762258 
762260 
762261 
762265 
762266 
762267 
762268 
762412 
762413 
762414 
762415 
762416 
762417 
762418 
762419 
762420 
762421 
762422 
762423 
762425 
762426 
762427 
762428 
762430 
762431 
762432 
762434 
762435 
762437 
762438 
762440 
762442 
762443 
762445 
762447 
762448 
762450 
762451 
762452 
762454 
762455 
762456 
762457 
762458 
762460 
762461 
762462 
762463 
762464 
762466 
762467 
762468 
762474 
762475 
762476 
762477 
762479 
762480 
762482 
762486 
762487 
762488 
762490 
762491 
762493 
762494 
762495 
762496 
762497 
762498 
762499 
762500 
762501 
762502 
762503 
762504 
762505 
762507 
762508 
762509 
762510 
762512 
762513 
762514 
762516 
762517 
762519 
762520 
762522 
762524 
762525 
762527 
762529 
762530 
762532 
762534 
762535 
762537 
762538 
762539 
762541 
762542 
762544 
762545 
762546 
762547 
762548 
762550 
762551 
762552 
762555 
762556 
762557 
762558 
762559 
762560 
762561 
762562 
762564 
762567 
762568 
762569 
762570 
762572 
762573 
762575 
762579 
762580 
762581 
762582 
762583 
762585 
762586 
762587 
762588 
762589 
762590 
762592 
762593 
762595 
762596 
762597 
762598 
762600 
762602 
762603 
762604 
762605 
762607 
762608 
762609 
762610 
762611 
762613 
762614 
762615 
762619 
762621 
762622 
762624 
762626 
762627 
762629 
762631 
762632 
762634 
762635 
762636 
762638 
762639 
762640 
762641 
762642 
762643 
762644 
762645 
762646 
762647 
762648 
762649 
762650 
762652 
762653 
762654 
762655 
762657 
762658 
762659 
762661 
762662 
762663 
762664 
762665 
762666 
762667 
762669 
762672 
762673 
762674 
762675 
762677 
762678 
762680 
762684 
762685 
762686 
762687 
762688 
762690 
762693 
762694 
762695 
762696 
762698 
762699 
762701 
762705 
762706 
762707 
762709 
762710 
762712 
762715 
762716 
762717 
762718 
762720 
762721 
762723 
762727 
762728 
762729 
762730 
762732 
762733 
762734 
762735 
762736 
762737 
762738 
762740 
762741 
762742 
762743 
762744 
762745 
762747 
762749 
762750 
762751 
762752 
762754 
762756 
762757 
762758 
762759 
762761 
762762 
762763 
762766 
762768 
762769 
762770 
762771 
762773 
762774 
762775 
762776 
762777 
762779 
762780 
762781 
762786 
762787 
762789 
762791 
762792 
762794 
762796 
762797 
762799 
762801 
762802 
762804 
762805 
762806 
762807 
762808 
762809 
762810 
762811 
762812 
762813 
762814 
762815 
762816 
762818 
762819 
762820 
762821 
762823 
762824 
762825 
762827 
762828 
762830 
762831 
762833 
762835 
762836 
762838 
762840 
762841 
762843 
762845 
762846 
762848 
762849 
762850 
762851 
762852 
762853 
762854 
762855 
762856 
762857 
762858 
762859 
762860 
762862 
762863 
762864 
762865 
762867 
762868 
762869 
762871 
762872 
762874 
762875 
762877 
762879 
762880 
762882 
762884 
762885 
762887 
762888 
762889 
762891 
762892 
762893 
762894 
762895 
762896 
762897 
762898 
762899 
762900 
762901 
762902 
762903 
762905 
762906 
762907 
762908 
762910 
762911 
762912 
762914 
762915 
762916 
762917 
762919 
762920 
762922 
762924 
762925 
762926 
762927 
762929 
762930 
762931 
762934 
762935 
762936 
762937 
762938 
762940 
762943 
762944 
762945 
762946 
762948 
762949 
762951 
762955 
762956 
762957 
762959 
762960 
762962 
762965 
762966 
762967 
762968 
762970 
762971 
762973 
762977 
762978 
762979 
762980 
762981 
762983 
762986 
762987 
762988 
762989 
762991 
762992 
762994 
762998 
762999 
763001 
763002 
763004 
763005 
763006 
763008 
763009 
763010 
763011 
763013 
763015 
763016 
763017 
763018 
763020 
763021 
763022 
763023 
763024 
763026 
763027 
763028 
763032 
763033 
763034 
763035 
763036 
763037 
763038 
763039 
763040 
763041 
763042 
763043 
763044 
763046 
763047 
763048 
763049 
763051 
763052 
763053 
763055 
763056 
763058 
763059 
763061 
763063 
763064 
763066 
763068 
763069 
763071 
763073 
763074 
763076 
763078 
763079 
763081 
763083 
763084 
763086 
763088 
763089 
763091 
763092 
763093 
763095 
763096 
763097 
763098 
763099 
763100 
763101 
763102 
763103 
763104 
763105 
763106 
763107 
763109 
763110 
763111 
763112 
763114 
763115 
763116 
763118 
763119 
763121 
763122 
763124 
763125 
763127 
763129 
763130 
763131 
763132 
763134 
763135 
763136 
763139 
763885 
763886 
763887 
763889 
763890 
763891 
763893 
763894 
763895 
763896 
763898 
763899 
763900 
763901 
763902 
763904 
763906 
763907 
763908 
763909 
763910 
763911 
763912 
763913 
763916 
763917 
763918 
763919 
763921 
763922 
763923 
763924 
763925 
763926 
763928 
763931 
763932 
763933 
763934 
763936 
763938 
763939 
763940 
763942 
763943 
763944 
763945 
763946 
763947 
763948 
763950 
763951 
763952 
763953 
763954 
763956 
763958 
763959 
763960 
763961 
763962 
763963 
763964 
763967 
763968 
763969 
763970 
763971 
763973 
763974 
763975 
763976 
763977 
763978 
763980 
763983 
763984 
763985 
763986 
763987 
763988 
763989 
763992 
763993 
763994 
763995 
763996 
763997 
763998 
763999 
764000 
764001 
764002 
764003 
764006 
764007 
764008 
764010 
764012 
764013 
764014 
764016 
764017 
764018 
764020 
764021 
764022 
764023 
764025 
764026 
764027 
764028 
764029 
764031 
764033 
764034 
764035 
764036 
764037 
764038 
764039 
764042 
764043 
764044 
764045 
764046 
764047 
764048 
764049 
764050 
764051 
764052 
764054 
764057 
764058 
764059 
764060 
764062 
764063 
764064 
764067 
764068 
764069 
764070 
764071 
764072 
764073 
764074 
764075 
764076 
764077 
764081 
764082 
764083 
764084 
764086 
764088 
764089 
764090 
764092 
764093 
764094 
764095 
764096 
764097 
764099 
764100 
764101 
764102 
764103 
764105 
764107 
764108 
764109 
764110 
764111 
764112 
764114 
764115 
764116 
764118 
764119 
764120 
764121 
764122 
764123 
764124 
764126 
764127 
764128 
764129 
764130 
764132 
764134 
764135 
764136 
764137 
764138 
764139 
764141 
764142 
764143 
764145 
764146 
764147 
764148 
764149 
764150 
764152 
764153 
764154 
764155 
764156 
764158 
764160 
764161 
764162 
764163 
764164 
764165 
764166 
764169 
764170 
764171 
764172 
764174 
764175 
764176 
764177 
764178 
764179 
764180 
764181 
764184 
764185 
764186 
764187 
764188 
764189 
764190 
764193 
764194 
764195 
764196 
764197 
764198 
764199 
764200 
764201 
764202 
764203 
764207 
764208 
764209 
764211 
764213 
764214 
764215 
764217 
764218 
764219 
764221 
764222 
764223 
764224 
764226 
764227 
764228 
764229 
764230 
764232 
764234 
764235 
764236 
764237 
764239 
764240 
764241 
764243 
764244 
764245 
764247 
764248 
764249 
764250 
764252 
764253 
764254 
764255 
764256 
764258 
764260 
764261 
764262 
764263 
764264 
764265 
764266 
764269 
764270 
764271 
764272 
764273 
764274 
764275 
764276 
764277 
764278 
764279 
764281 
764284 
764285 
764286 
764287 
764289 
764697 
764698 
764699 
764700 
764701 
764702 
764703 
764704 
764713 
764714 
764715 
764718 
764720 
764721 
764723 
764724 
764725 
764728 
764730 
764731 
764733 
764734 
764735 
764738 
764740 
764741 
764743 
764744 
764745 
764748 
764750 
764751 
764753 
764754 
764755 
764758 
764760 
764761 
764763 
764764 
764765 
764768 
764770 
764771 
764773 
764774 
764775 
764778 
764780 
764781 
764783 
764784 
764785 
764788 
764790 
764791 
764873 
764874 
764877 
764878 
764879 
764880 
764881 
764884 
764885 
764886 
764887 
764888 
764890 
764891 
764892 
764893 
764894 
764895 
764897 
764898 
764899 
764900 
764901 
764903 
764904 
764905 
764906 
764907 
764910 
764911 
764912 
764913 
764914 
764915 
764918 
764919 
764920 
764921 
764922 
764923 
764925 
764926 
764927 
764928 
764986 
764987 
764988 
764990 
764991 
764992 
764993 
764996 
764997 
764999 
765001 
765003 
765004 
765005 
765006 
765008 
765009 
765010 
765011 
765014 
765015 
765017 
765019 
765021 
765022 
765023 
765024 
765026 
765027 
765028 
765029 
765032 
765033 
765035 
765037 
765039 
765040 
765041 
765042 
765044 
765045 
765046 
765047 
765050 
765051 
765053 
765055 
765057 
765058 
765059 
765060 
765062 
765063 
765065 
765066 
765068 
765069 
765071 
765073 
765075 
765076 
765077 
765078 
765080 
765081 
765082 
765083 
765086 
765087 
765089 
765091 
765093 
765094 
765095 
765096 
765098 
765099 
765101 
765102 
765104 
765105 
765107 
765109 
765111 
765112 
765113 
765114 
765116 
765117 
765118 
765119 
765122 
765123 
765125 
765127 
765129 
765274 
765275 
765278 
765279 
765282 
765283 
765286 
765287 
765290 
765291 
765294 
765295 
765298 
765299 
765302 
765303 
765494 
765495 
765496 
765497 
765498 
765499 
765500 
765501 
765502 
765503 
765504 
765505 
765506 
765507 
765508 
765509 
765510 
765511 
765512 
765513 
765514 
765515 
765516 
765517 
765518 
765519 
765520 
765521 
765522 
765523 
765524 
765525 
765526 
765527 
765528 
765529 
765530 
765531 
765532 
765533 
765534 
765535 
765536 
765537 
765538 
765539 
765540 
765541 
765542 
765543 
765544 
765545 
765549 
765550 
765551 
765552 
765553 
765554 
765555 
765556 
765557 
765558 
765559 
765560 
765561 
765562 
765563 
765564 
765565 
765566 
765567 
765568 
765569 
765570 
765571 
765572 
765573 
765574 
765575 
765576 
765577 
765578 
765579 
765580 
765581 
765582 
765583 
765584 
765585 
765586 
765587 
765588 
765589 
765590 
765591 
765592 
765593 
765594 
765595 
765596 
765597 
765598 
765599 
765600 
765601 
765602 
765603 
765604 
765605 
765606 
765607 
765608 
765609 
765610 
765611 
765612 
765613 
765614 
765615 
765616 
765617 
765618 
765619 
765620 
765621 
765622 
765623 
765624 
765625 
765626 
765627 
765628 
765629 
765630 
765631 
765632 
765633 
765634 
765635 
765636 
765637 
765638 
765639 
765640 
765641 
765642 
765643 
765644 
765645 
765646 
765647 
765648 
765649 
765650 
765651 
765652 
765653 
765654 
765655 
765656 
765657 
765658 
765659 
765660 
765661 
765662 
765663 
765664 
765665 
765666 
765667 
765668 
765669 
765670 
765671 
765672 
765673 
765674 
765675 
765676 
765677 
765678 
765679 
765680 
765681 
765682 
765683 
765684 
765685 
765686 
765687 
765688 
765689 
765690 
765691 
765692 
765693 
765694 
765695 
765696 
765697 
765698 
765699 
765700 
765701 
765702 
765703 
765704 
765705 
765706 
765707 
765708 
765709 
765710 
765711 
765712 
765713 
765714 
765715 
765716 
765717 
765718 
765719 
765720 
765721 
765722 
765723 
765724 
765725 
765726 
765727 
765728 
765729 
765730 
765731 
765732 
765733 
765734 
765735 
765736 
765737 
765738 
765739 
765740 
765741 
765742 
765743 
765744 
765745 
765746 
765747 
765748 
765749 
765750 
765751 
765752 
765753 
765754 
765755 
765756 
765757 
765758 
765759 
765760 
765761 
765762 
765763 
765764 
765765 
765766 
765767 
765768 
765769 
765770 
765771 
765772 
765773 
765774 
765775 
765776 
765777 
765778 
765779 
765780 
765781 
765782 
765783 
765784 
765785 
765786 
765787 
765788 
765789 
765790 
765791 
765792 
765793 
765794 
765795 
765796 
765797 
765798 
765799 
765800 
765801 
765802 
765803 
765804 
765805 
765806 
765807 
765808 
765809 
765810 
765811 
765812 
765813 
765814 
765815 
765816 
765817 
765818 
765819 
765820 
765821 
765822 
765823 
765824 
765825 
765826 
765827 
765828 
765829 
765830 
765831 
765832 
765833 
765834 
765835 
765836 
765837 
765838 
765839 
765840 
765841 
765842 
765843 
765844 
765845 
765846 
765847 
765848 
765849 
765850 
765851 
765852 
765853 
765854 
765855 
765856 
765857 
765858 
765859 
765860 
765861 
765862 
765863 
765864 
765865 
765866 
765867 
765868 
765869 
765870 
765871 
765872 
765873 
765874 
765875 
765876 
765877 
765878 
765879 
765880 
765881 
765882 
765883 
765884 
765885 
765886 
765887 
765888 
765889 
765890 
765891 
765892 
765893 
765894 
765895 
765896 
765897 
765898 
765899 
765900 
765901 
765902 
765903 
765904 
765905 
765906 
765907 
765908 
765909 
765910 
765911 
765912 
765913 
765914 
765915 
765916 
765917 
765918 
765919 
765920 
765921 
765922 
765923 
765924 
765925 
765926 
765927 
765928 
765929 
765930 
765931 
765932 
765933 
765934 
765935 
765936 
765937 
765938 
765939 
765940 
765941 
765942 
765943 
765944 
765945 
765946 
765947 
765948 
765949 
765950 
765951 
765952 
765953 
765954 
765955 
765956 
765957 
765958 
765959 
765960 
765961 
765962 
765963 
765964 
765965 
765966 
765967 
765971 
765972 
765973 
765974 
765975 
765976 
765977 
765978 
765979 
765980 
765981 
765982 
765983 
765984 
765985 
765986 
765987 
765988 
765989 
765990 
765991 
765992 
765993 
765994 
765995 
765996 
765997 
765998 
765999 
766000 
766001 
766002 
766003 
766004 
766005 
766006 
766007 
766008 
766009 
766010 
766011 
766012 
766013 
766014 
766015 
766016 
766017 
766018 
766019 
766020 
766021 
766022 
766023 
766024 
766025 
766026 
766027 
766028 
766029 
766030 
766031 
766032 
766033 
766034 
766035 
766036 
766037 
766038 
766039 
766040 
766041 
766042 
766043 
766044 
766045 
766046 
766047 
766048 
766049 
766050 
766051 
766052 
766053 
766054 
766055 
766122 
766123 
766124 
766129 
766130 
766131 
766132 
766133 
766134 
766135 
766136 
766137 
766138 
766139 
766140 
766141 
766142 
766143 
766144 
766147 
766148 
766149 
766150 
766151 
766152 
766153 
766154 
766155 
766156 
766157 
766158 
766159 
766160 
766161 
766162 
766163 
766164 
766165 
766166 
766167 
766168 
766169 
766170 
766171 
766172 
766173 
766174 
766175 
766176 
766177 
766178 
766179 
766180 
766181 
766182 
766183 
766184 
766185 
766186 
766187 
766188 
766189 
766190 
766191 
766192 
766193 
766194 
766198 
766199 
766200 
766212 
766213 
766214 
766215 
766216 
766217 
766218 
766219 
766220 
766221 
766222 
766223 
766224 
766225 
766226 
766227 
766228 
766229 
766230 
766231 
766232 
766233 
766234 
766235 
766236 
766237 
766238 
766239 
766240 
766241 
766242 
766243 
766244 
766245 
766246 
766247 
766248 
766249 
766250 
766251 
766252 
766253 
766254 
766255 
766256 
766257 
766258 
766259 
766260 
766261 
766262 
766263 
766264 
766265 
766266 
766267 
766268 
766269 
766270 
766271 
766272 
766273 
766274 
766275 
766276 
766277 
766278 
766279 
766280 
766281 
766282 
766283 
766284 
766285 
766286 
766287 
766288 
766289 
766290 
766291 
766292 
766293 
766294 
766295 
766296 
766297 
766298 
766299 
766300 
766301 
766302 
766303 
766304 
766305 
766306 
766307 
766308 
766309 
766310 
766311 
766312 
766313 
766314 
766315 
766316 
766317 
766318 
766319 
766320 
766321 
766322 
766323 
766324 
766325 
766326 
766327 
766328 
766329 
766330 
766331 
766332 
766333 
766334 
766335 
766336 
766337 
766338 
766339 
766340 
766341 
766342 
766343 
766344 
766345 
766346 
766347 
766348 
766349 
766350 
766351 
766352 
766353 
766354 
766355 
766356 
766357 
766358 
766359 
766360 
766361 
766362 
766363 
766366 
766367 
766368 
766375 
766376 
766377 
766378 
766379 
766380 
766381 
766382 
766383 
766384 
766385 
766386 
766387 
766388 
766389 
766390 
766391 
766392 
766393 
766394 
766395 
766396 
766397 
766398 
766399 
766400 
766401 
766402 
766403 
766404 
766405 
766406 
766407 
766408 
766409 
766410 
766411 
766412 
766413 
766414 
766415 
766416 
766417 
766418 
766419 
766420 
766421 
766422 
766423 
766424 
766425 
766426 
766427 
766428 
766429 
766430 
766431 
766432 
766433 
766434 
766435 
766436 
766437 
766438 
766439 
766440 
766441 
766442 
766443 
766444 
766445 
766446 
766447 
766448 
766449 
766450 
766451 
766452 
766453 
766454 
766455 
766456 
766457 
766458 
766459 
766460 
766461 
766462 
766463 
766464 
766465 
766466 
766467 
766468 
766469 
766470 
766471 
766472 
766473 
766474 
766475 
766476 
766477 
766478 
766479 
766480 
766481 
766482 
766483 
766484 
766485 
766486 
766487 
766488 
766489 
766490 
766491 
766492 
766493 
766494 
766495 
766496 
766497 
766498 
766499 
766500 
766501 
766502 
766503 
766504 
766505 
766506 
766507 
766508 
766509 
766510 
766511 
766512 
766513 
766514 
766515 
766516 
766517 
766518 
766519 
766520 
766521 
766522 
766523 
766524 
766525 
766526 
766527 
766528 
766529 
766530 
766531 
766532 
766533 
766534 
766535 
766536 
766537 
766538 
766539 
766540 
766541 
766542 
766543 
766544 
766545 
766546 
766547 
766548 
766549 
766550 
766551 
766552 
766553 
766554 
766555 
766556 
766557 
766558 
766559 
766560 
766561 
766562 
766563 
766564 
766565 
766574 
766575 
766576 
766577 
766578 
766579 
766580 
766581 
766582 
766583 
766584 
766585 
766586 
766587 
766588 
766589 
766592 
766593 
766594 
766595 
766596 
766597 
766598 
766599 
766600 
766601 
766602 
766603 
766604 
766605 
766606 
766607 
766608 
766609 
766610 
766611 
766612 
766613 
766614 
766615 
766616 
766617 
766618 
766619 
766620 
766621 
766622 
766623 
766624 
766625 
766626 
766627 
766628 
766629 
766630 
766631 
766632 
766633 
766634 
766635 
766636 
766637 
766638 
766639 
766640 
766641 
766642 
766643 
766644 
766645 
766646 
766647 
766648 
766649 
766650 
766651 
766652 
766653 
766654 
766655 
766656 
766657 
766658 
766659 
766660 
766661 
766662 
766663 
766664 
766665 
766666 
766667 
766668 
766669 
766670 
766671 
766672 
766673 
766674 
766675 
766676 
766677 
766678 
766679 
766680 
766681 
766682 
766683 
766684 
766685 
766686 
766687 
766688 
766689 
766690 
766691 
766692 
766693 
766694 
766695 
766696 
766697 
766698 
766699 
766700 
766701 
766702 
766703 
766704 
766705 
766706 
766707 
766708 
766709 
766710 
766711 
766712 
766713 
766714 
766715 
766716 
766717 
766718 
766719 
766720 
766721 
766722 
766723 
766724 
766725 
766726 
766727 
766728 
766729 
766730 
766731 
766732 
766733 
766734 
766735 
766736 
766737 
766738 
766739 
766740 
766741 
766742 
766743 
766744 
766745 
766746 
766747 
766748 
766749 
766750 
766751 
766752 
766753 
766754 
766755 
766756 
766757 
766758 
766759 
766760 
766761 
766762 
766763 
766764 
766765 
766766 
766767 
766768 
766769 
766770 
766771 
766772 
766773 
766774 
766775 
766776 
766777 
766778 
766779 
766780 
766781 
766782 
766783 
766784 
766785 
766786 
766787 
766788 
766789 
766790 
766791 
766792 
766793 
766794 
766795 
766798 
766799 
766800 
766801 
766802 
766803 
766804 
766805 
766806 
766807 
766808 
766809 
766810 
766811 
766812 
766813 
766814 
766815 
766816 
766817 
766818 
766819 
766820 
766821 
766822 
766823 
766824 
766825 
766826 
766827 
766828 
766829 
766830 
766831 
766832 
766833 
766834 
766835 
766836 
766837 
766838 
766839 
766840 
766841 
766842 
766843 
766844 
766845 
766846 
766847 
766848 
766849 
766850 
766851 
766852 
766853 
766854 
766855 
766856 
766857 
766858 
766859 
766860 
766861 
766862 
766863 
766864 
766865 
766866 
766867 
766868 
766869 
766870 
766871 
766872 
766873 
766874 
766875 
766876 
766877 
766878 
766879 
766880 
766881 
766882 
766883 
766884 
766885 
766886 
766887 
766888 
766889 
766890 
766891 
766892 
766893 
766894 
766895 
766896 
766897 
766898 
766899 
766900 
766901 
766902 
766903 
766904 
766905 
766906 
766907 
766908 
766909 
766910 
766911 
766912 
766913 
766914 
766915 
766916 
766917 
766918 
766919 
766920 
766921 
766922 
766923 
766924 
766925 
766926 
766927 
766928 
766929 
766930 
766931 
766932 
766933 
766934 
766935 
766936 
766937 
766938 
766939 
766940 
766941 
766942 
766943 
766944 
766945 
766946 
766947 
766948 
766949 
766950 
766951 
766952 
766953 
766954 
766955 
766956 
766957 
766958 
766959 
766960 
766961 
766962 
766963 
766964 
766965 
766966 
766967 
766968 
766969 
766970 
766971 
766972 
766973 
766974 
766975 
766976 
766977 
766978 
766979 
766980 
766981 
766982 
766983 
766984 
766985 
766986 
766987 
766988 
766989 
766990 
766991 
766992 
766993 
766994 
766995 
766996 
766997 
766998 
766999 
767000 
767001 
767002 
767003 
767004 
767005 
767006 
767007 
767008 
767009 
767010 
767011 
767012 
767013 
767014 
767015 
767016 
767017 
767018 
767019 
767020 
767021 
767028 
767029 
767030 
767031 
767032 
767033 
767034 
767035 
767036 
767037 
767038 
767039 
767040 
767041 
767042 
767043 
767044 
767045 
767046 
767047 
767048 
767049 
767050 
767051 
767052 
767053 
767054 
767055 
767056 
767057 
767058 
767059 
767060 
767061 
767062 
767063 
767064 
767065 
767066 
767067 
767068 
767069 
767070 
767071 
767072 
767073 
767074 
767075 
767076 
767077 
767078 
767079 
767080 
767081 
767082 
767083 
767084 
767085 
767086 
767087 
767088 
767089 
767090 
767091 
767092 
767093 
767094 
767095 
767096 
767097 
767098 
767099 
767100 
767101 
767102 
767103 
767104 
767105 
767106 
767107 
767108 
767109 
767110 
767111 
767112 
767113 
767114 
767115 
767116 
767117 
767118 
767119 
767120 
767121 
767122 
767123 
767124 
767125 
767126 
767127 
767128 
767129 
767130 
767131 
767132 
767133 
767134 
767135 
767136 
767137 
767138 
767139 
767140 
767141 
767142 
767143 
767144 
767145 
767146 
767147 
767148 
767149 
767150 
767151 
767152 
767153 
767154 
767155 
767156 
767157 
767158 
767159 
767160 
767161 
767162 
767163 
767164 
767165 
767166 
767167 
767168 
767169 
767170 
767171 
767172 
767173 
767174 
767175 
767176 
767177 
767178 
767179 
767180 
767181 
767182 
767183 
767184 
767185 
767186 
767187 
767188 
767189 
767190 
767191 
767192 
767193 
767194 
767195 
767196 
767197 
767198 
767199 
767200 
767201 
767202 
767203 
767204 
767205 
767206 
767207 
767208 
767209 
767210 
767211 
767212 
767213 
767214 
767215 
767216 
767217 
767218 
767219 
767220 
767221 
767222 
767223 
767224 
767225 
767226 
767227 
767228 
767229 
767230 
767231 
767232 
767233 
767234 
767235 
767236 
767237 
767238 
767239 
767240 
767241 
767242 
767243 
767244 
767245 
767246 
767247 
767252 
767253 
767254 
767255 
767256 
767257 
767258 
767259 
767260 
767261 
767262 
767263 
767267 
767268 
767269 
767270 
767271 
767272 
767273 
767274 
767275 
767276 
767277 
767278 
767279 
767280 
767281 
767282 
767283 
767284 
767285 
767286 
767287 
767288 
767289 
767290 
767291 
767292 
767293 
767294 
767295 
767296 
767297 
767298 
767299 
767300 
767301 
767302 
767303 
767304 
767305 
767306 
767307 
767308 
767309 
767310 
767311 
767312 
767313 
767314 
767315 
767316 
767317 
767318 
767319 
767320 
767321 
767322 
767323 
767324 
767325 
767326 
767327 
767328 
767329 
767330 
767331 
767332 
767333 
767334 
767335 
767336 
767337 
767338 
767339 
767340 
767341 
767342 
767343 
767344 
767345 
767346 
767347 
767348 
767349 
767350 
767351 
767352 
767353 
767354 
767355 
767356 
767357 
767358 
767359 
767360 
767361 
767362 
767363 
767364 
767365 
767366 
767367 
767368 
767369 
767370 
767371 
767372 
767373 
767374 
767375 
767376 
767377 
767378 
767379 
767380 
767381 
767382 
767383 
767384 
767385 
767386 
767387 
767388 
767389 
767390 
767391 
767392 
767393 
767394 
767395 
767396 
767397 
767398 
767399 
767400 
767401 
767402 
767403 
767404 
767405 
767406 
767407 
767408 
767409 
767410 
767411 
767412 
767413 
767414 
767415 
767416 
767417 
767418 
767419 
767420 
767421 
767422 
767423 
767424 
767425 
767426 
767427 
767428 
767429 
767430 
767431 
767432 
767433 
767434 
767435 
767436 
767437 
767438 
767439 
767440 
767441 
767442 
767443 
767444 
767445 
767446 
767447 
767448 
767449 
767450 
767451 
767452 
767453 
767454 
767455 
767456 
767457 
767458 
767459 
767460 
767461 
767462 
767463 
767464 
767465 
767466 
767470 
767471 
767472 
767478 
767479 
767480 
767481 
767482 
767483 
767484 
767485 
767486 
767487 
767488 
767489 
767490 
767491 
767492 
767493 
767494 
767495 
767496 
767497 
767498 
767499 
767500 
767501 
767502 
767503 
767504 
767505 
767506 
767507 
767508 
767509 
767510 
767511 
767512 
767513 
767514 
767515 
767516 
767517 
767518 
767519 
767520 
767521 
767522 
767523 
767524 
767525 
767526 
767527 
767528 
767529 
767530 
767531 
767532 
767533 
767534 
767535 
767536 
767537 
767538 
767539 
767540 
767541 
767542 
767543 
767544 
767545 
767546 
767547 
767548 
767549 
767550 
767551 
767552 
767553 
767554 
767555 
767556 
767557 
767558 
767559 
767560 
767561 
767562 
767563 
767564 
767565 
767566 
767567 
767568 
767569 
767570 
767571 
767572 
767573 
767574 
767575 
767576 
767577 
767578 
767579 
767580 
767581 
767582 
767583 
767584 
767585 
767586 
767587 
767588 
767589 
767590 
767591 
767592 
767593 
767594 
767595 
767596 
767597 
767598 
767599 
767600 
767601 
767602 
767603 
767604 
767605 
767606 
767607 
767608 
767609 
767610 
767611 
767612 
767613 
767614 
767615 
767616 
767617 
767618 
767619 
767620 
767621 
767622 
767623 
767624 
767625 
767626 
767627 
767628 
767629 
767630 
767631 
767632 
767633 
767634 
767635 
767636 
767637 
767638 
767639 
767640 
767641 
767642 
767643 
767644 
767645 
767646 
767647 
767648 
767649 
767650 
767651 
767652 
767653 
767654 
767655 
767656 
767657 
767658 
767659 
767660 
767661 
767671 
767672 
767673 
767674 
767675 
767676 
767679 
767680 
767681 
767682 
767683 
767684 
767685 
767686 
767687 
767688 
767689 
767690 
767691 
767692 
767693 
767694 
767695 
767696 
767697 
767698 
767699 
767700 
767701 
767702 
767703 
767704 
767705 
767706 
767707 
767708 
767709 
767710 
767711 
767712 
767713 
767714 
767715 
767716 
767717 
767718 
767719 
767720 
767721 
767722 
767723 
767724 
767725 
767726 
767727 
767728 
767729 
767730 
767731 
767732 
767733 
767734 
767735 
767736 
767737 
767738 
767739 
767740 
767741 
767742 
767743 
767744 
767745 
767746 
767747 
767748 
767749 
767750 
767751 
767752 
767753 
767754 
767755 
767756 
767757 
767758 
767759 
767760 
767761 
767762 
767763 
767764 
767765 
767766 
767767 
767768 
767769 
767770 
767771 
767772 
767773 
767774 
767775 
767776 
767777 
767778 
767779 
767780 
767781 
767782 
767783 
767784 
767785 
767786 
767787 
767788 
767789 
767790 
767791 
767792 
767793 
767794 
767795 
767796 
767797 
767798 
767799 
767800 
767801 
767802 
767803 
767804 
767805 
767806 
767807 
767808 
767809 
767810 
767811 
767812 
767813 
767814 
767821 
767822 
767823 
767832 
767833 
767834 
767835 
767836 
767837 
767838 
767839 
767840 
767841 
767842 
767843 
767846 
767847 
767848 
767849 
767850 
767851 
767852 
767853 
767854 
767855 
767856 
767857 
767862 
767863 
767864 
767865 
767866 
767867 
767868 
767869 
767870 
767871 
767872 
767873 
767878 
767879 
767880 
767881 
767882 
767883 
767884 
767885 
770363 
770364 
770365 
770366 
770367 
770368 
770369 
770370 
770371 
770372 
770373 
770374 
770375 
770376 
770377 
770378 
770379 
770380 
770381 
770382 
770383 
770384 
770385 
770386 
770387 
770388 
770389 
770390 
770391 
770392 
770393 
770394 
770395 
770396 
770397 
770398 
770399 
770400 
770401 
770402 
770403 
770404 
770405 
770406 
770407 
770408 
770409 
770410 
770411 
770412 
770413 
770414 
770415 
770416 
770417 
770418 
770419 
770420 
770421 
770422 
770423 
770424 
770425 
770426 
770491 
770492 
770493 
770494 
770495 
770496 
770497 
770498 
770499 
770500 
770501 
770502 
770503 
770504 
770505 
770506 
770507 
770508 
770509 
770510 
770511 
770512 
770513 
770514 
770525 
770526 
770527 
770528 
770529 
770530 
770531 
770532 
770533 
770534 
770535 
770536 
770547 
770548 
770549 
770550 
770558 
770559 
770560 
770561 
770563 
770564 
770565 
770566 
770567 
770568 
770569 
770570 
770571 
770572 
770573 
770574 
770575 
770576 
770577 
770578 
770579 
770580 
770581 
770582 
770583 
770584 
770585 
770586 
770589 
770590 
770591 
770592 
770593 
770594 
770595 
770596 
770605 
770606 
770607 
770608 
770609 
770610 
770611 
770612 
770620 
770621 
770622 
770623 
770624 
770625 
770626 
770627 
770628 
770629 
770630 
770631 
770757 
770758 
770759 
770760 
770761 
770762 
770763 
770764 
770765 
770766 
770767 
770768 
770769 
770770 
770771 
770772 
770773 
770774 
770775 
770776 
770777 
770778 
770779 
770780 
770781 
770783 
770784 
770785 
770786 
770788 
770789 
770790 
770791 
770792 
770796 
770797 
770798 
770799 
770800 
770801 
770802 
770803 
770804 
770805 
770806 
770807 
770808 
770809 
770810 
770811 
770812 
770815 
770816 
770817 
770818 
770820 
770821 
770822 
770823 
770824 
770825 
770826 
770827 
770828 
770829 
770830 
770831 
770832 
770833 
770834 
770836 
770837 
770838 
770839 
770840 
770841 
770842 
770843 
770844 
770845 
770846 
770847 
770848 
770849 
770850 
770851 
770852 
770853 
770854 
770855 
770856 
770857 
770858 
770859 
770860 
770861 
770862 
770863 
770864 
770867 
770868 
770869 
770870 
770871 
770874 
770875 
770876 
770877 
770878 
770881 
770882 
770883 
770884 
770885 
770886 
770887 
770888 
770889 
770891 
770892 
770893 
770894 
770895 
770896 
770897 
770898 
770899 
770900 
770901 
770902 
770903 
770904 
770905 
770906 
770907 
770908 
770909 
770910 
771074 
771075 
771076 
771077 
771078 
771079 
771088 
771089 
771090 
771095 
771096 
771097 
771100 
771101 
771102 
771107 
771108 
771109 
771116 
771117 
771118 
771123 
771124 
771125 
771178 
771179 
771180 
771181 
771182 
771183 
771184 
771185 
771186 
771187 
771188 
771189 
771190 
771191 
771192 
771193 
771194 
771195 
771196 
771197 
771198 
771199 
771200 
771201 
771202 
771203 
771204 
771206 
771207 
771208 
771209 
771210 
771211 
771213 
771214 
771215 
771216 
771217 
771218 
771219 
771220 
771221 
771222 
771223 
771224 
771225 
771226 
771227 
771228 
771229 
771230 
771231 
771232 
771233 
771234 
771235 
771236 
771237 
771238 
771239 
771241 
771242 
771243 
771244 
771245 
771246 
771247 
771248 
771249 
771250 
771251 
771252 
771253 
771254 
771255 
771256 
771257 
771258 
771259 
771260 
771261 
771262 
771263 
771264 
771265 
771266 
771267 
771268 
771269 
771270 
771271 
771272 
771273 
771274 
771275 
771276 
771277 
771278 
771279 
771280 
771281 
771282 
771283 
771284 
771285 
771286 
771287 
771288 
771289 
771290 
771291 
771292 
771293 
771294 
771295 
771296 
771297 
771298 
771299 
771300 
771301 
771302 
771303 
771304 
771305 
771307 
771308 
771309 
771310 
771311 
771312 
771313 
771314 
771315 
771316 
771317 
771318 
771319 
771320 
771321 
771322 
771324 
771325 
771326 
771327 
771328 
771329 
771330 
771331 
771332 
771333 
771334 
771335 
771336 
771337 
771338 
771339 
771340 
771341 
771342 
771343 
771344 
771345 
771346 
771347 
771348 
771349 
771350 
771351 
771352 
771353 
771354 
771355 
771356 
771357 
771358 
771359 
771360 
771361 
771362 
771363 
771364 
771365 
771366 
771367 
771369 
771370 
771371 
771372 
771373 
771374 
771376 
771377 
771378 
771379 
771380 
771381 
771382 
771383 
771384 
771385 
771386 
771387 
771388 
771389 
771390 
771391 
771392 
771393 
771394 
771395 
771396 
771397 
771398 
771399 
771400 
771401 
771402 
771403 
771634 
771635 
771636 
771637 
771638 
771639 
771640 
771641 
771642 
771643 
771644 
771645 
771646 
771647 
771648 
771649 
771650 
771651 
771652 
771653 
771654 
771655 
771656 
771657 
771691 
771692 
771693 
771695 
771696 
771697 
771698 
771699 
771700 
771702 
771703 
771704 
771705 
771706 
771707 
771708 
771709 
771710 
771711 
771712 
771713 
771716 
771718 
771719 
771720 
771721 
771722 
771723 
771724 
771725 
771726 
771727 
771728 
771729 
771730 
771731 
771732 
771733 
771734 
771735 
771737 
771740 
771741 
771742 
771743 
771744 
771745 
771746 
771747 
771748 
771749 
771810 
771811 
771812 
771813 
771814 
771815 
771816 
771817 
771818 
771819 
771820 
771821 
771822 
771823 
771824 
771825 
771826 
771827 
771828 
771829 
771830 
771831 
771832 
771833 
771834 
771835 
771836 
771837 
771838 
771839 
771840 
771841 
771842 
771843 
771844 
771845 
771846 
771847 
771848 
771849 
771850 
771851 
771852 
771853 
771855 
771856 
771857 
771858 
771859 
771860 
771861 
771862 
771863 
771864 
771865 
771866 
771867 
771868 
771869 
771870 
771871 
771872 
771873 
771874 
771875 
771876 
771877 
771878 
771879 
771880 
771881 
771882 
771883 
771884 
771885 
771886 
771887 
771888 
771889 
771890 
771891 
771892 
771893 
771894 
771895 
771896 
771897 
771898 
771899 
771900 
771901 
771902 
771903 
771904 
771905 
771906 
771907 
771908 
771909 
771910 
771911 
771912 
771913 
771914 
771915 
771916 
771917 
771918 
771920 
771921 
771922 
771923 
771924 
771925 
771926 
771928 
771929 
771930 
771931 
771932 
771933 
771934 
771935 
771936 
771937 
771938 
771939 
771940 
771941 
772075 
772076 
772077 
772078 
772079 
772080 
772081 
772082 
772083 
772084 
772085 
772086 
772087 
772088 
772089 
772090 
772091 
772092 
772093 
772094 
772095 
772096 
772097 
772098 
772099 
772100 
772101 
772102 
772103 
772104 
772105 
772106 
772107 
772108 
772109 
772110 
772111 
772112 
772113 
772114 
772115 
772116 
772117 
772118 
772119 
772120 
772121 
772122 
772173 
772175 
772178 
772180 
772191 
772192 
772193 
772195 
772196 
772197 
772198 
772199 
772200 
772202 
772203 
772204 
772205 
772206 
772207 
772209 
772210 
772211 
772212 
772213 
772214 
772216 
772217 
772218 
772219 
772220 
772221 
772223 
772224 
772225 
772226 
772227 
772228 
772230 
772231 
772232 
772233 
772234 
772235 
772237 
772238 
772239 
772240 
772241 
772242 
772244 
772245 
772246 
772330 
772333 
772334 
772335 
772336 
772339 
772340 
772341 
772342 
772345 
772346 
772347 
772350 
772351 
772352 
772355 
772356 
772357 
772358 
772359 
772362 
772363 
772364 
772367 
772368 
772369 
772372 
772373 
772374 
772491 
772492 
772493 
772494 
772495 
772496 
772497 
772498 
772499 
772500 
772501 
772502 
772503 
772504 
772505 
772506 
772507 
772508 
772509 
772510 
772511 
772512 
772513 
772514 
)

// ************************************************************************* //
