/*--------------------------------*- C++ -*----------------------------------*\
  =========                 |
  \\      /  F ield         | OpenFOAM: The Open Source CFD Toolbox
   \\    /   O peration     | Website:  https://openfoam.org
    \\  /    A nd           | Version:  7
     \\/     M anipulation  |
\*---------------------------------------------------------------------------*/
FoamFile
{
    version     2.0;
    format      ascii;
    class       faceSet;
    location    "constant/polyMesh/sets";
    object      topPatch;
}
// * * * * * * * * * * * * * * * * * * * * * * * * * * * * * * * * * * * * * //


9000
(
796752 
796753 
796770 
796771 
796811 
796812 
796817 
796818 
796859 
796860 
796864 
796865 
796905 
796906 
796935 
796936 
797273 
797274 
797275 
797276 
797297 
797298 
797299 
797300 
797319 
797320 
797321 
797322 
797332 
797333 
797334 
797335 
797371 
797372 
797373 
797374 
797384 
797385 
797386 
797387 
797413 
797414 
797415 
797416 
797442 
797443 
797444 
797445 
797857 
797858 
797866 
797867 
797868 
797869 
797926 
797927 
797928 
797929 
797930 
797933 
797946 
797947 
797948 
797952 
797953 
797954 
797956 
798014 
798018 
798027 
798029 
798030 
798164 
798165 
798166 
798167 
798168 
798169 
798180 
798181 
798182 
798183 
798184 
798194 
798195 
798196 
798197 
798210 
798211 
798212 
798213 
798214 
798215 
798226 
798227 
798228 
798229 
798241 
798242 
798243 
798244 
798245 
798246 
798256 
798257 
798258 
798259 
798260 
798273 
798274 
798298 
798299 
798302 
798303 
798305 
798309 
798310 
798311 
798315 
798316 
798317 
798605 
798606 
798616 
798617 
798618 
798619 
798620 
798621 
798622 
798623 
798625 
798626 
798627 
798628 
798629 
798630 
798631 
798633 
798634 
798635 
798636 
798637 
798638 
798639 
798641 
798642 
798643 
798644 
798645 
798646 
798647 
798649 
798650 
798651 
798652 
798653 
798654 
798668 
798673 
798676 
798677 
798678 
798679 
798680 
798681 
798682 
798683 
798684 
798685 
798687 
798688 
798689 
798690 
798691 
798692 
798693 
798695 
798696 
798697 
798698 
798699 
798700 
798701 
798703 
798704 
798705 
798706 
798707 
798708 
798709 
798711 
798712 
798718 
798723 
798724 
798725 
798826 
798827 
798828 
798829 
798830 
798835 
798836 
798842 
798843 
798845 
798846 
798847 
798850 
798851 
798853 
798854 
798855 
798856 
798857 
798862 
798863 
798864 
798870 
798871 
798872 
798873 
798879 
798880 
798881 
798888 
798891 
798892 
798893 
798894 
798896 
798897 
798898 
798900 
798901 
798902 
798903 
798909 
798911 
798917 
798921 
798922 
798923 
798965 
798966 
798970 
798971 
798973 
798977 
798978 
798981 
798982 
798985 
798986 
798987 
798990 
798991 
798992 
798994 
798997 
798998 
798999 
799002 
799253 
799257 
799259 
799261 
799263 
799266 
799268 
799270 
799273 
799278 
799280 
799282 
799284 
799287 
799290 
799292 
799294 
799298 
799300 
799302 
799304 
799306 
799309 
799311 
799313 
799315 
799317 
799320 
799322 
799325 
799327 
799329 
799332 
799334 
799338 
799340 
799343 
799345 
799348 
799350 
799353 
799355 
799399 
799401 
799403 
799415 
799417 
799419 
799421 
799427 
799431 
799432 
799434 
799509 
799514 
799526 
799531 
799534 
799541 
799548 
799552 
799555 
799642 
799643 
799658 
799661 
799662 
799663 
799668 
799669 
799690 
799695 
799699 
799700 
799701 
799703 
799707 
799713 
799754 
799757 
799758 
799761 
799762 
799765 
799766 
799769 
799770 
799773 
799774 
799777 
799778 
799781 
799782 
799785 
799811 
799812 
799814 
799815 
799817 
799818 
799820 
799821 
799823 
799824 
799826 
799827 
799829 
799830 
799832 
799833 
801609 
801610 
801611 
801612 
801613 
801614 
801615 
801616 
801617 
801618 
801619 
801620 
801621 
801622 
801623 
801624 
801625 
801626 
801627 
801628 
801629 
801630 
801631 
801632 
801633 
801634 
801640 
801641 
801642 
801643 
801644 
801645 
801649 
801650 
801651 
801652 
801653 
801654 
801655 
801656 
801657 
801658 
801659 
801660 
801661 
801662 
801663 
801664 
801665 
801666 
801667 
801668 
801669 
801670 
801671 
801672 
801673 
801674 
801675 
801676 
801677 
801678 
801679 
801680 
801681 
801682 
801683 
801684 
801685 
801686 
801687 
801688 
801689 
801690 
801691 
801692 
801693 
801694 
801695 
801696 
801697 
801698 
801699 
801700 
801701 
801702 
801703 
801704 
801705 
801706 
801707 
801708 
801709 
801710 
801711 
801712 
801713 
801714 
801715 
801716 
801717 
801718 
801719 
801720 
801721 
801722 
801723 
801724 
801725 
801726 
801727 
801728 
801729 
801730 
801731 
801732 
801733 
801734 
801735 
801736 
801737 
801738 
801739 
801740 
801741 
801742 
801743 
801745 
801746 
801747 
801753 
801754 
801755 
801756 
801757 
801758 
801759 
801760 
801761 
801762 
801763 
801764 
801765 
801766 
801767 
801768 
801769 
801770 
801771 
801772 
801773 
801774 
801775 
801776 
801777 
801778 
801779 
801780 
801781 
801782 
801783 
801784 
801785 
801786 
801787 
801788 
801789 
801790 
801791 
801792 
801793 
801794 
801795 
801796 
801797 
801798 
801799 
801800 
801801 
801802 
801803 
801804 
801805 
801806 
801807 
801808 
801809 
801810 
801811 
801812 
801813 
801814 
801815 
801816 
801817 
801818 
801819 
801820 
801821 
801822 
801823 
801824 
801825 
801826 
801827 
801828 
801829 
801830 
801831 
801832 
801833 
801834 
801835 
801836 
801837 
801838 
801839 
801840 
801841 
801842 
801843 
801844 
801845 
801846 
801847 
801848 
801849 
801850 
801851 
801852 
801853 
801854 
801855 
801856 
801857 
801858 
801859 
801860 
801861 
801862 
801863 
801864 
801865 
801866 
801867 
801868 
801869 
801870 
801871 
801872 
801873 
801874 
801875 
801876 
801886 
801887 
801888 
801889 
801890 
801891 
801892 
801893 
801894 
801895 
801896 
801897 
801898 
801899 
801900 
801901 
801902 
801903 
801904 
801905 
801906 
801907 
801908 
801909 
801910 
801911 
801912 
801913 
801914 
801915 
801916 
801917 
801918 
801919 
801920 
801921 
801922 
801923 
801924 
801925 
801926 
801927 
801928 
801929 
801930 
801931 
801932 
801933 
801934 
801935 
801936 
801937 
801938 
801939 
801940 
801941 
801942 
801943 
801944 
801945 
801946 
801947 
801948 
801949 
801950 
801951 
801952 
801953 
801954 
801955 
801956 
801957 
801958 
801959 
801960 
801961 
801962 
801963 
801964 
801965 
801966 
801967 
801968 
801969 
801970 
801971 
801972 
801973 
801974 
801975 
801976 
801977 
801978 
801979 
801980 
801981 
801982 
801983 
801984 
801985 
801986 
801987 
801988 
801989 
801990 
801991 
801992 
801993 
801994 
801995 
801996 
801997 
801998 
801999 
802000 
802001 
802002 
802003 
802004 
802005 
802006 
802007 
802008 
802009 
802010 
802011 
802012 
802013 
802014 
802015 
802016 
802017 
802018 
802019 
802032 
802033 
802034 
802035 
802036 
802037 
802041 
802042 
802043 
802044 
802045 
802046 
802047 
802048 
802049 
802050 
802051 
802052 
802053 
802054 
802055 
802056 
802057 
802058 
802059 
802060 
802061 
802062 
802063 
802064 
802065 
802066 
802067 
802068 
802069 
802070 
802071 
802072 
802073 
802074 
802075 
802076 
802077 
802078 
802079 
802080 
802081 
802082 
802083 
802084 
802085 
802086 
802087 
802088 
802089 
802090 
802091 
802092 
802093 
802094 
802095 
802096 
802097 
802098 
802099 
802100 
802101 
802102 
802103 
802104 
802105 
802106 
802107 
802108 
802109 
802110 
802111 
802112 
802113 
802114 
802115 
802116 
802117 
802118 
802119 
802120 
802121 
802122 
802123 
802124 
802125 
802126 
802127 
802128 
802129 
802130 
802131 
802132 
802133 
802134 
802135 
802136 
802137 
802138 
802139 
802140 
802141 
802142 
802143 
802144 
802145 
802146 
802147 
802148 
802149 
802150 
802151 
802152 
802153 
802154 
802155 
802156 
802157 
802158 
802159 
802160 
802161 
802162 
802163 
802164 
802165 
802166 
802167 
802168 
802169 
802170 
802171 
802172 
802173 
802174 
802175 
802176 
802177 
802178 
802179 
802180 
802181 
802182 
802183 
802184 
802185 
802186 
802187 
802188 
802191 
802192 
802193 
802194 
802195 
802196 
802197 
802198 
802199 
802200 
802201 
802202 
802203 
802204 
802205 
802206 
802207 
802208 
802209 
802210 
802211 
802212 
802213 
802214 
802215 
802216 
802217 
802218 
802219 
802220 
802221 
802222 
802223 
802224 
802225 
802226 
802227 
802228 
802229 
802230 
802231 
802232 
802233 
802234 
802235 
802236 
802237 
802238 
802239 
802240 
802241 
802242 
802243 
802244 
802245 
802246 
802247 
802248 
802249 
802250 
802251 
802252 
802253 
802254 
802255 
802256 
802257 
802258 
802259 
802260 
802261 
802262 
802263 
802264 
802265 
802266 
802267 
802268 
802269 
802270 
802271 
802272 
802273 
802274 
802275 
802276 
802277 
802278 
802279 
802280 
802281 
802282 
802283 
802284 
802285 
802286 
802287 
802288 
802289 
802290 
802291 
802292 
802293 
802294 
802295 
802296 
802297 
802298 
802299 
802300 
802301 
802302 
802303 
802304 
802305 
802306 
802307 
802308 
802309 
802310 
802311 
802312 
802313 
802314 
802315 
802316 
802317 
802318 
802319 
802320 
802321 
802322 
802323 
802324 
802325 
802326 
802327 
802328 
802329 
802330 
802331 
802332 
802333 
802334 
802335 
802336 
802337 
802338 
802344 
802345 
802346 
802347 
802348 
802349 
802350 
802351 
802352 
802353 
802354 
802355 
802356 
802357 
802358 
802359 
802360 
802361 
802362 
802363 
802364 
802365 
802366 
802367 
802368 
802369 
802370 
802371 
802372 
802373 
802374 
802375 
802376 
802377 
802378 
802379 
802380 
802381 
802382 
802383 
802384 
802385 
802386 
802387 
802388 
802389 
802390 
802391 
802392 
802393 
802394 
802395 
802396 
802397 
802398 
802399 
802400 
802401 
802402 
802403 
802404 
802405 
802406 
802407 
802408 
802409 
802410 
802411 
802412 
802413 
802414 
802415 
802416 
802417 
802418 
802419 
802420 
802421 
802422 
802423 
802424 
802425 
802426 
802427 
802428 
802429 
802430 
802431 
802432 
802433 
802434 
802435 
802436 
802437 
802438 
802439 
802440 
802441 
802442 
802443 
802444 
802445 
802446 
802447 
802448 
802449 
802450 
802451 
802452 
802453 
802454 
802455 
802456 
802457 
802458 
802459 
802460 
802461 
802462 
802463 
802464 
802465 
802466 
802467 
802468 
802469 
802470 
802471 
802472 
802473 
802474 
802475 
802476 
802477 
802490 
802491 
802492 
802493 
802494 
802495 
802498 
802499 
802500 
802501 
802502 
802503 
802504 
802505 
802506 
802507 
802508 
802509 
802510 
802511 
802512 
802513 
802514 
802515 
802516 
802517 
802518 
802519 
802520 
802521 
802522 
802523 
802524 
802525 
802526 
802527 
802528 
802529 
802530 
802531 
802532 
802533 
802534 
802535 
802536 
802537 
802538 
802539 
802540 
802541 
802542 
802543 
802544 
802545 
802546 
802547 
802548 
802549 
802550 
802551 
802552 
802553 
802554 
802555 
802556 
802557 
802558 
802559 
802560 
802561 
802562 
802563 
802564 
802565 
802566 
802567 
802568 
802569 
802570 
802571 
802572 
802573 
802574 
802575 
802576 
802577 
802578 
802579 
802580 
802581 
802582 
802583 
802584 
802585 
802586 
802587 
802588 
802589 
802590 
802591 
802592 
802593 
802594 
802595 
802596 
802597 
802598 
802599 
802600 
802601 
802602 
802603 
802604 
802605 
802606 
802607 
802608 
802609 
802610 
802611 
802612 
802613 
802614 
802615 
802616 
802617 
802618 
802619 
802620 
802621 
802622 
802623 
802624 
802625 
802626 
802627 
802628 
802629 
802630 
802631 
802632 
802633 
802634 
802635 
802636 
802637 
802638 
802639 
802640 
802641 
802642 
802643 
802644 
802645 
802646 
802647 
802648 
802649 
802650 
802651 
802652 
802653 
802654 
802655 
802656 
802657 
802658 
802659 
802660 
802661 
802662 
802663 
802664 
802665 
802666 
802667 
802668 
802669 
802670 
802671 
802672 
802673 
802674 
802675 
802676 
802677 
802678 
802679 
802680 
802681 
802682 
802683 
802684 
802685 
802686 
802687 
802688 
802689 
802690 
802691 
802692 
802693 
802694 
802695 
802696 
802697 
802698 
802699 
802700 
802701 
802702 
802703 
802704 
802705 
802706 
802707 
802708 
802709 
802710 
802711 
802712 
802713 
802714 
802715 
802716 
802717 
802718 
802719 
802734 
802735 
802736 
802737 
802738 
802739 
802740 
802741 
802742 
802743 
802744 
802745 
802746 
802747 
802748 
802749 
802750 
802751 
802752 
802753 
802754 
802755 
802756 
802757 
802758 
802759 
802772 
802773 
802774 
802775 
802776 
802777 
802998 
802999 
803000 
803003 
803004 
803005 
803006 
803007 
803008 
803009 
803010 
803011 
803012 
803013 
803014 
803015 
803016 
803017 
803018 
803019 
803020 
803021 
803022 
803023 
803024 
803025 
803026 
803027 
803030 
803031 
803032 
803033 
803036 
803037 
803038 
803043 
803044 
803045 
803049 
803050 
803051 
803052 
803053 
803054 
803055 
803056 
803057 
803058 
803059 
803060 
803061 
803062 
803063 
803064 
803065 
803066 
803067 
803068 
803069 
803070 
803071 
803072 
803073 
803074 
803075 
803076 
803077 
803078 
803079 
803080 
803081 
803082 
803083 
803084 
803085 
803086 
803089 
803090 
803091 
803092 
803093 
803094 
803095 
803098 
803099 
803100 
803101 
803104 
803105 
803106 
803113 
803114 
803115 
803116 
803117 
803118 
803119 
803120 
803121 
803122 
803123 
803124 
803125 
803126 
803127 
803128 
803129 
803130 
803131 
803134 
803135 
803136 
803137 
803138 
803139 
803140 
803217 
803218 
803219 
803220 
803221 
803223 
803224 
803225 
803226 
803227 
803229 
803230 
803231 
803232 
803234 
803235 
803236 
803237 
803238 
803239 
803241 
803242 
803243 
803244 
803245 
803247 
803248 
803249 
803250 
803251 
803253 
803254 
803255 
803256 
803257 
803259 
803260 
803261 
803262 
803263 
803335 
803336 
803337 
803338 
803339 
803340 
803341 
803342 
803343 
803344 
803345 
803346 
803347 
803348 
803349 
803350 
803351 
803368 
803369 
803370 
803371 
803372 
803373 
803374 
803375 
803376 
803377 
803378 
803379 
803380 
803381 
803404 
803407 
803409 
803412 
803413 
803414 
803439 
803440 
803441 
803442 
803443 
803444 
803445 
803446 
803447 
803448 
803449 
803450 
803451 
803452 
803453 
803454 
803455 
803456 
803457 
803458 
803459 
803460 
803461 
803462 
803471 
803473 
803475 
803477 
803535 
803536 
803537 
803538 
803539 
803540 
803541 
803542 
803543 
803544 
803545 
803546 
803547 
803548 
803549 
803550 
803551 
803552 
803553 
803554 
803555 
803556 
803557 
803558 
803581 
803582 
803587 
803589 
803591 
754587 
754588 
754589 
754590 
754591 
754592 
754593 
754594 
754595 
754596 
754597 
754599 
754600 
754603 
754604 
754605 
754606 
754607 
754608 
754609 
754610 
754611 
754613 
754616 
754617 
754619 
754620 
754621 
754622 
754623 
754624 
754625 
754626 
754627 
754628 
754629 
754630 
754631 
754632 
754633 
754634 
754635 
754636 
754637 
754640 
754642 
754643 
754644 
754645 
754646 
754648 
754649 
754650 
754651 
754652 
754653 
754654 
754655 
754656 
754657 
754658 
754659 
754660 
754661 
754662 
754663 
754664 
754665 
754666 
754667 
754668 
754669 
754670 
754671 
754672 
754673 
754674 
754675 
754676 
754677 
754678 
754679 
754680 
754681 
754682 
754683 
754684 
754685 
754686 
754687 
754688 
754689 
754690 
754691 
754692 
754693 
754694 
754695 
754696 
754697 
754698 
754699 
754700 
754701 
754702 
754703 
754704 
754705 
754706 
754707 
754708 
754709 
754710 
754711 
754712 
754713 
754714 
754715 
754716 
754717 
754718 
754719 
754720 
754721 
754722 
754723 
754724 
754725 
754726 
754727 
754728 
754729 
754730 
754732 
754733 
754734 
754735 
754736 
754737 
754738 
754739 
754740 
754741 
754745 
754746 
754747 
754748 
754750 
754752 
754753 
754754 
754756 
754757 
754758 
754759 
754760 
754761 
754762 
754763 
754764 
754765 
754766 
754767 
754768 
754769 
754770 
754771 
754772 
754773 
754774 
754775 
754776 
754777 
754778 
754779 
754780 
754781 
754782 
754783 
754784 
754785 
754786 
754787 
754788 
754789 
754790 
754791 
754792 
754793 
754794 
754795 
754796 
754797 
754798 
754799 
754800 
754801 
754802 
754803 
754804 
754805 
754806 
754807 
754808 
754809 
754810 
754811 
754812 
754813 
754814 
754815 
754816 
754817 
754818 
754819 
754820 
754821 
754822 
754823 
754824 
754825 
754826 
754827 
754828 
754829 
754830 
754831 
754832 
754833 
754834 
754835 
754836 
754837 
754838 
754839 
754840 
754841 
754842 
754843 
754844 
754845 
754846 
754847 
754848 
754849 
754850 
754851 
754852 
754853 
754854 
754855 
754856 
754857 
754858 
754859 
754860 
754861 
754862 
754863 
754864 
754865 
754866 
754867 
754868 
754869 
754870 
754872 
754873 
754874 
754875 
754876 
754877 
754878 
754879 
754880 
754881 
754884 
754885 
754886 
754887 
754888 
754889 
754890 
754891 
754892 
754893 
754894 
754895 
754896 
754897 
754898 
754899 
754900 
754901 
754902 
754903 
754904 
754905 
754906 
754907 
754908 
754909 
754910 
754911 
754912 
754913 
754914 
754915 
754916 
754917 
754918 
754919 
754920 
754921 
754922 
754923 
754924 
754925 
754926 
754927 
754928 
754929 
754930 
754931 
754932 
754933 
754934 
754935 
754936 
754937 
754938 
754939 
754940 
754941 
754942 
754943 
754944 
754945 
754946 
754947 
754948 
754949 
754950 
754951 
754952 
754953 
754954 
754955 
754956 
754957 
754958 
754959 
754960 
754961 
754962 
754963 
754964 
754965 
754966 
754967 
754968 
754969 
754970 
754971 
754972 
754973 
754974 
754975 
754976 
754977 
754978 
754979 
754980 
754981 
754982 
754983 
754984 
754985 
754986 
754987 
754988 
754989 
754990 
754991 
754992 
754993 
754994 
754995 
754996 
754997 
754998 
754999 
755000 
755001 
755002 
755003 
755004 
755005 
755006 
755007 
755008 
755009 
755010 
755011 
755012 
755013 
755014 
755015 
755016 
755017 
755018 
755019 
755020 
755021 
755022 
755023 
755024 
755025 
755026 
755027 
755028 
755029 
755030 
755031 
755033 
755034 
755035 
755036 
755037 
755040 
755041 
755042 
755043 
755044 
755045 
755046 
755047 
755048 
755049 
755050 
755051 
755052 
755053 
755054 
755055 
755056 
755057 
755058 
755059 
755060 
755061 
755062 
755063 
755064 
755065 
755066 
755067 
755068 
755069 
755070 
755071 
755072 
755073 
755074 
755075 
755076 
755077 
755078 
755079 
755080 
755081 
755082 
755083 
755084 
755085 
755086 
755087 
755088 
755089 
755090 
755091 
755092 
755093 
755094 
755095 
755096 
755097 
755098 
755099 
755100 
755101 
755102 
755103 
755104 
755105 
755106 
755107 
755108 
755109 
755110 
755111 
755112 
755113 
755114 
755115 
755116 
755117 
755118 
755119 
755120 
755121 
755122 
755123 
755124 
755125 
755126 
755127 
755128 
755129 
755130 
755131 
755132 
755133 
755134 
755135 
755136 
755137 
755138 
755139 
755140 
755141 
755142 
755143 
755144 
755145 
755146 
755147 
755148 
755149 
755150 
755151 
755152 
755153 
755154 
755155 
755156 
755157 
755158 
755159 
755160 
755161 
755162 
755163 
755164 
755165 
755166 
755167 
755168 
755169 
755170 
755171 
755172 
755177 
755178 
755179 
755180 
755181 
755182 
755184 
755185 
755186 
755187 
755188 
755191 
755192 
755194 
755196 
755197 
755198 
755199 
755200 
755202 
755203 
755204 
755205 
755206 
755207 
755208 
755209 
755210 
755211 
755212 
755213 
755214 
755215 
755216 
755217 
755218 
755219 
755220 
755221 
755222 
755223 
755224 
755225 
755226 
755227 
755228 
755229 
755230 
755231 
755232 
755233 
755234 
755235 
755236 
755237 
755238 
755239 
755240 
755241 
755242 
755243 
755244 
755245 
755246 
755247 
755248 
755249 
755250 
755251 
755252 
755253 
755254 
755255 
755256 
755257 
755258 
755259 
755260 
755261 
755262 
755263 
755264 
755265 
755266 
755267 
755268 
755269 
755270 
755271 
755272 
755273 
755274 
755275 
755276 
755277 
755278 
755279 
755280 
755281 
755282 
755283 
755284 
755285 
755286 
755287 
755288 
755289 
755290 
755291 
755292 
755293 
755294 
755295 
755296 
755297 
755298 
755299 
755300 
755301 
755302 
755303 
755304 
755305 
755306 
755307 
755308 
755309 
755310 
755311 
755312 
755313 
755314 
755315 
755316 
755317 
755318 
755319 
755320 
755321 
755322 
755323 
755324 
755325 
755326 
755327 
755328 
755329 
755330 
755331 
755332 
755333 
755334 
755337 
755338 
755339 
755340 
755341 
755343 
755345 
755346 
755347 
755348 
755349 
755351 
755352 
755353 
755354 
755355 
755356 
755357 
755358 
755359 
755360 
755361 
755362 
755363 
755364 
755365 
755366 
755367 
755368 
755369 
755370 
755371 
755372 
755373 
755374 
755375 
755376 
755377 
755378 
755379 
755380 
755381 
755382 
755383 
755384 
755385 
755386 
755387 
755388 
755389 
755390 
755391 
755392 
755393 
755394 
755395 
755396 
755397 
755398 
755399 
755400 
755401 
755402 
755403 
755404 
755405 
755406 
755407 
755408 
755409 
755410 
755411 
755412 
755413 
755414 
755415 
755416 
755417 
755418 
755419 
755420 
755421 
755422 
755423 
755424 
755425 
755426 
755427 
755428 
755429 
755430 
755431 
755432 
755433 
755434 
755435 
755436 
755437 
755438 
755439 
755440 
755441 
755442 
755443 
755444 
755445 
755446 
755447 
755448 
755449 
755450 
755451 
755452 
755453 
755454 
755455 
755456 
755457 
755458 
755459 
755460 
755461 
755462 
755463 
755464 
755465 
755466 
755467 
755468 
755469 
755470 
755471 
755472 
755473 
755474 
755475 
755476 
755477 
755478 
755479 
755480 
755481 
755482 
755483 
755484 
755485 
755486 
755487 
755489 
755490 
755491 
755492 
755493 
755494 
755495 
755496 
755497 
755498 
755499 
755500 
755501 
755502 
755503 
755504 
755505 
755506 
755507 
755509 
755510 
755511 
755512 
755513 
755514 
755515 
755516 
755517 
755518 
755519 
755520 
755521 
755522 
755523 
755524 
755525 
755526 
755527 
755528 
755529 
755530 
755531 
755532 
755533 
755534 
755535 
755536 
755537 
755538 
755539 
755540 
755541 
755542 
755543 
755544 
755545 
755546 
755547 
755548 
755549 
755550 
755551 
755552 
755553 
755554 
755555 
755556 
755557 
755558 
755559 
755560 
755561 
755562 
755563 
755564 
755565 
755566 
755567 
755568 
755569 
755570 
755571 
755572 
755573 
755574 
755575 
755576 
755577 
755578 
755579 
755580 
755581 
755582 
755583 
755584 
755585 
755586 
755587 
755588 
755589 
755590 
755591 
755592 
755593 
755594 
755595 
755596 
755597 
755598 
755599 
755600 
755601 
755602 
755603 
755604 
755605 
755606 
755607 
755608 
755609 
755610 
755612 
755613 
755614 
755615 
755616 
755617 
755618 
755619 
755620 
755621 
755622 
755623 
755624 
755626 
755627 
755629 
755630 
755634 
755635 
755636 
755637 
755639 
755640 
755641 
755642 
755643 
755644 
755645 
755646 
755647 
755648 
755650 
755651 
755652 
755653 
755654 
755655 
755656 
755657 
755658 
755659 
755660 
755661 
755662 
755663 
755664 
755665 
755666 
755667 
755668 
755669 
755670 
755671 
755672 
755673 
755674 
755675 
755676 
755677 
755678 
755679 
755680 
755681 
755682 
755683 
755684 
755685 
755686 
755687 
755688 
755689 
755690 
755691 
755692 
755693 
755694 
755695 
755696 
755697 
755698 
755699 
755700 
755701 
755702 
755703 
755704 
755705 
755706 
755707 
755708 
755709 
755710 
755711 
755712 
755713 
755714 
755715 
755716 
755717 
755718 
755719 
755721 
755722 
755723 
755724 
755725 
755726 
755727 
755728 
755729 
755730 
755731 
755732 
755733 
755735 
755736 
755741 
755742 
755743 
755745 
755747 
755750 
755751 
755752 
755753 
755754 
755755 
755756 
755757 
755758 
755759 
755764 
755765 
755766 
755767 
755768 
755769 
755770 
755771 
755772 
755773 
755775 
755777 
755781 
755782 
755783 
755784 
755785 
755786 
755787 
755788 
755789 
755791 
755793 
755794 
755797 
755798 
755799 
755800 
755801 
755802 
755803 
755804 
755806 
755807 
756165 
756166 
756170 
756171 
756172 
756185 
756186 
756187 
756192 
756193 
756204 
756205 
756206 
756207 
756209 
756210 
756211 
756212 
756222 
756223 
756224 
756225 
756226 
756227 
756229 
756230 
756231 
756232 
756236 
756237 
756240 
756241 
756242 
756250 
756251 
756252 
756281 
756282 
756283 
756292 
756293 
756294 
756299 
756300 
756302 
756303 
756304 
756305 
756307 
756308 
756309 
756310 
756312 
756313 
756321 
756322 
756323 
756324 
756326 
756327 
756328 
756329 
756344 
756345 
756352 
756353 
756354 
756378 
756379 
756380 
756383 
756384 
756773 
756774 
756775 
756776 
756777 
756779 
756780 
756781 
756782 
756783 
756792 
756793 
756794 
756795 
756796 
756798 
756799 
756800 
756801 
756802 
756859 
756860 
756861 
756862 
756863 
756865 
756866 
756867 
756868 
756869 
756879 
756880 
756881 
756882 
756883 
756885 
756886 
756887 
756888 
756889 
757561 
757563 
757564 
757565 
757567 
757569 
757570 
757571 
757572 
757573 
757575 
757576 
757577 
757578 
757579 
757580 
757581 
757595 
757596 
757597 
757598 
757599 
757611 
757613 
757614 
757615 
757617 
757619 
757620 
757621 
757622 
757623 
757651 
757652 
757653 
757654 
757655 
757656 
757657 
757658 
757683 
757684 
757686 
757688 
757689 
757691 
757692 
757693 
757694 
757695 
757696 
757697 
757698 
757699 
757700 
757701 
757702 
757703 
757710 
757711 
757713 
757715 
757716 
757718 
757719 
757720 
757721 
757722 
757724 
757725 
757726 
757727 
757728 
757736 
757737 
757738 
757739 
757740 
757741 
757742 
757772 
757773 
757774 
757775 
757776 
757784 
757785 
757786 
757787 
757788 
757799 
757801 
757802 
757803 
757805 
757807 
757808 
757809 
757810 
757811 
757812 
757813 
757814 
757815 
757816 
757817 
757818 
757819 
757825 
757827 
757828 
757829 
757831 
757833 
757834 
757835 
757836 
757837 
757851 
757852 
757853 
757854 
757855 
757856 
757857 
757858 
757892 
757893 
757895 
757897 
757898 
757900 
757901 
757902 
757903 
757904 
757913 
757914 
757915 
757916 
757917 
757918 
757919 
757943 
757944 
757945 
757946 
757947 
757948 
757949 
757954 
757955 
757957 
757959 
757960 
757962 
757963 
757964 
757965 
757966 
758234 
758235 
758236 
758237 
758238 
758239 
758240 
758241 
758242 
758243 
758245 
758246 
758247 
758248 
758249 
758250 
758252 
758253 
758255 
758256 
758257 
758258 
758259 
758260 
758262 
758263 
758265 
758266 
758267 
758268 
758269 
758270 
758271 
758272 
758273 
758274 
758276 
758277 
758278 
758279 
758281 
758282 
758285 
758286 
758287 
758288 
758290 
758291 
758293 
758294 
758295 
758297 
758298 
758299 
758300 
758302 
758303 
758304 
758305 
758306 
758308 
758309 
758310 
758311 
758313 
758314 
758317 
758318 
758319 
758320 
758322 
758323 
758324 
758325 
758326 
758327 
758328 
758329 
758330 
758331 
758333 
758334 
758335 
758336 
758337 
758338 
758340 
758341 
758342 
758343 
758344 
758345 
758346 
758347 
758349 
758350 
758351 
758352 
758353 
758354 
758356 
758357 
758359 
758360 
758361 
758362 
758363 
758364 
758366 
758367 
758368 
758369 
758370 
758371 
758372 
758373 
758375 
758376 
758377 
758378 
758379 
758380 
758382 
758383 
758384 
758385 
758386 
758387 
758388 
758389 
758390 
758391 
758392 
758393 
758395 
758396 
758397 
758398 
758400 
758401 
758402 
758403 
758405 
758406 
758407 
758408 
758409 
758411 
758412 
758413 
758414 
758416 
758417 
758418 
758419 
758420 
758422 
758423 
758424 
758425 
758426 
758428 
758431 
758432 
758433 
758434 
758435 
758437 
758441 
758442 
758443 
758444 
758446 
758447 
758448 
758449 
758450 
758451 
758453 
758454 
758455 
758456 
758457 
758458 
758460 
758461 
758463 
758464 
758465 
758466 
758467 
758468 
758470 
758471 
758472 
758473 
758474 
758475 
758476 
758477 
758479 
758480 
758481 
758482 
758552 
758554 
758556 
758557 
758558 
758560 
758562 
758563 
758564 
758566 
758567 
758568 
758570 
758572 
758574 
758576 
758577 
758578 
758580 
758582 
758583 
758584 
758586 
758588 
758589 
758590 
758592 
758594 
758595 
758596 
758598 
758600 
758601 
758602 
758604 
758606 
758608 
758609 
758610 
758612 
758614 
758615 
758616 
758618 
758694 
758695 
758696 
758697 
758701 
758702 
758703 
758704 
758709 
758710 
758711 
758712 
758716 
758717 
758718 
758719 
758723 
758724 
758725 
758726 
758729 
758730 
758731 
758732 
758737 
758738 
758739 
758740 
758743 
758744 
758745 
758746 
759039 
759040 
759041 
759043 
759044 
759045 
759046 
759047 
759048 
759049 
759050 
759051 
759052 
759053 
759054 
759055 
759056 
759058 
759059 
759060 
759061 
759062 
759064 
759065 
759066 
759068 
759069 
759070 
759071 
759072 
759074 
759075 
759076 
759077 
759078 
759079 
759080 
759081 
759082 
759083 
759084 
759085 
759086 
759087 
759089 
759090 
759091 
759092 
759094 
759095 
759096 
759098 
759099 
759100 
759101 
759102 
759103 
759105 
759106 
759107 
759108 
759109 
759110 
759112 
759113 
759114 
759116 
759117 
759118 
759119 
759120 
759121 
759123 
759124 
759125 
759126 
759127 
759128 
759130 
759131 
759132 
759133 
759134 
759135 
759136 
759138 
759139 
759140 
759141 
759142 
759143 
759144 
759145 
759146 
759147 
759148 
759149 
759150 
759151 
759153 
759154 
759155 
759156 
759157 
759159 
759160 
759161 
759162 
759163 
759164 
759165 
759166 
759167 
759168 
759169 
759170 
759171 
759173 
759174 
759175 
759176 
759177 
759179 
759180 
759181 
759182 
759184 
759185 
759186 
759187 
759188 
759190 
759191 
759192 
759193 
759194 
759195 
759196 
759197 
759198 
759199 
759200 
759201 
759202 
759203 
759205 
759206 
759207 
759208 
759209 
759211 
759212 
759213 
759214 
759215 
759216 
759217 
759218 
759219 
759220 
759221 
759222 
759223 
759224 
759225 
759226 
759227 
759228 
759230 
759231 
759232 
759233 
759235 
759236 
759237 
759239 
759240 
759241 
759242 
759243 
759244 
759246 
759247 
759248 
759249 
759250 
759251 
759253 
759254 
759255 
759257 
759258 
759259 
759260 
759261 
759262 
759264 
759265 
759266 
759267 
759268 
759269 
759271 
759272 
759273 
759275 
759276 
759277 
759278 
759279 
759280 
759281 
759282 
759283 
759284 
759285 
759286 
759287 
759288 
759290 
759291 
759292 
759293 
759294 
759296 
759297 
759298 
759299 
759301 
759302 
759303 
759304 
759305 
759307 
759308 
759309 
759310 
759311 
759312 
759313 
759314 
759315 
759316 
759317 
759318 
759319 
759320 
759321 
759322 
759323 
759324 
759326 
759327 
759328 
759572 
759574 
759575 
759578 
759579 
759580 
759581 
759582 
759584 
759585 
759586 
759588 
759589 
759590 
759591 
759592 
759593 
759594 
759596 
759597 
759598 
759599 
759600 
759602 
759603 
759604 
759605 
759606 
759607 
759608 
759610 
759611 
759612 
759613 
759615 
759616 
759618 
759619 
759622 
759623 
759624 
759625 
759626 
759628 
759629 
759630 
759631 
759633 
759634 
759637 
759638 
759639 
759640 
759641 
759644 
759645 
759646 
759647 
759649 
759650 
759653 
759654 
759655 
759656 
759657 
759660 
759661 
759662 
759664 
759665 
759666 
759667 
759668 
759669 
759670 
759672 
759673 
759674 
759675 
759676 
759678 
759679 
759680 
759681 
759682 
759683 
759684 
759686 
759687 
759688 
759689 
759690 
759692 
759693 
759694 
759695 
759696 
759697 
759698 
759700 
759701 
759702 
759703 
759704 
759706 
759707 
759708 
759709 
759710 
759711 
759712 
759714 
759715 
759716 
759717 
759719 
759720 
759722 
759723 
759726 
759727 
759728 
759729 
759730 
759732 
759733 
759734 
759735 
759736 
759738 
759741 
759742 
759743 
759744 
759745 
759748 
759749 
759750 
759751 
759753 
759754 
759757 
759758 
759759 
759760 
759761 
759763 
759764 
759765 
759767 
759768 
759769 
759770 
759771 
759772 
759773 
759775 
759776 
759777 
759778 
759780 
759782 
759783 
759784 
759785 
759786 
759787 
759788 
759790 
759791 
759792 
759793 
759794 
759795 
759796 
759798 
759801 
759802 
759803 
759804 
759805 
759807 
759808 
759809 
760009 
760010 
760011 
760012 
760013 
760014 
760015 
760017 
760019 
760020 
760021 
760022 
760024 
760025 
760026 
760027 
760028 
760029 
760030 
760031 
760032 
760033 
760034 
760035 
760036 
760039 
760040 
760041 
760042 
760043 
760044 
760045 
760047 
760049 
760050 
760051 
760052 
760054 
760055 
760057 
760059 
760060 
760061 
760062 
760064 
760067 
760068 
760069 
760070 
760071 
760072 
760074 
760076 
760077 
760078 
760079 
760081 
760083 
760086 
760087 
760088 
760089 
760090 
760091 
760092 
760093 
760094 
760095 
760096 
760097 
760098 
760099 
760100 
760101 
760102 
760103 
760104 
760105 
760106 
760107 
760108 
760109 
760110 
760111 
760112 
760113 
760114 
760115 
760118 
760119 
760120 
760121 
760122 
760124 
760126 
760127 
760128 
760129 
760131 
760133 
760136 
760137 
760138 
760139 
760140 
760141 
760143 
760145 
760146 
760147 
760148 
760150 
760152 
760153 
760155 
760157 
760158 
760159 
760160 
760162 
760163 
760166 
760167 
760168 
760169 
760170 
760171 
760172 
760173 
760174 
760175 
760176 
760177 
760178 
760179 
760180 
760181 
760182 
760184 
760186 
760187 
760188 
760189 
760192 
760195 
760196 
760197 
760198 
760271 
760272 
760273 
760274 
760275 
760276 
760277 
760278 
760279 
760280 
760281 
760282 
760283 
760284 
760285 
760286 
760287 
760288 
760289 
760290 
760291 
760292 
760293 
760294 
760295 
760296 
760297 
760298 
760299 
760300 
760301 
760302 
760303 
760304 
760305 
760306 
760307 
760308 
760309 
760310 
760311 
760312 
760313 
760314 
760315 
760316 
760317 
760318 
760319 
760320 
760321 
760322 
760323 
760324 
760325 
760326 
760327 
760328 
760329 
760330 
760331 
760332 
760333 
760334 
760335 
760336 
760337 
760338 
760339 
760340 
760341 
760342 
760376 
760377 
760378 
760380 
760381 
760382 
760384 
760385 
760386 
760388 
760389 
760390 
760392 
760393 
760394 
760396 
760397 
760398 
760400 
760401 
760402 
760404 
760405 
760406 
760668 
760669 
760670 
760671 
760672 
760673 
760674 
760675 
760676 
760677 
760678 
760679 
760680 
760681 
760682 
760683 
760684 
760685 
760686 
760687 
760692 
760693 
760694 
760695 
760696 
760699 
760700 
760701 
760702 
760705 
760706 
760707 
760708 
760709 
760712 
760713 
760714 
760715 
760718 
760719 
760720 
760721 
760722 
760725 
760726 
760727 
760728 
760731 
760732 
760733 
760734 
760735 
760738 
760739 
760740 
760741 
760754 
760755 
760756 
760757 
760758 
760759 
760760 
760761 
760762 
760763 
760764 
760765 
760766 
760767 
760768 
760769 
760770 
760771 
760772 
760773 
760774 
760775 
760776 
760777 
760778 
760779 
760780 
760781 
760782 
760783 
760784 
760785 
760786 
760787 
760788 
760789 
760790 
760791 
760792 
760793 
760805 
760806 
760807 
760808 
760809 
760812 
760813 
760814 
760815 
760818 
760819 
760820 
760821 
760822 
760825 
760826 
760827 
760828 
760831 
760832 
760833 
760834 
760835 
760838 
760839 
760840 
760841 
760844 
760845 
760846 
760847 
760848 
760851 
760852 
760853 
760854 
760860 
760861 
760862 
760863 
760864 
760865 
760866 
760867 
760868 
760869 
760870 
760871 
760872 
760873 
760874 
760875 
760876 
760877 
760878 
760879 
760967 
760968 
760969 
760970 
760971 
760972 
760973 
760974 
760975 
760976 
760977 
760978 
760979 
760980 
760981 
760982 
760983 
760984 
760985 
760986 
760987 
760988 
760989 
760990 
760991 
760992 
760993 
760994 
760995 
760996 
760997 
760998 
760999 
761000 
761001 
761002 
761003 
761004 
761005 
761006 
761007 
761008 
761009 
761010 
761011 
761012 
761013 
761014 
761015 
761016 
761017 
761018 
761019 
761020 
761021 
761022 
761023 
761024 
761025 
761026 
761027 
761028 
761029 
761030 
761031 
761032 
761033 
761034 
761035 
761036 
761037 
761038 
761039 
761040 
761041 
761042 
761043 
761044 
761045 
761046 
761587 
761588 
761589 
761590 
761591 
761592 
761594 
761596 
761597 
761598 
761599 
761600 
761602 
761603 
761605 
761606 
761607 
761608 
761609 
761611 
761612 
761614 
761615 
761616 
761618 
761620 
761621 
761622 
761624 
761626 
761627 
761629 
761630 
761632 
761633 
761634 
761636 
761638 
761639 
761640 
761642 
761644 
761645 
761647 
761648 
761650 
761651 
761652 
761653 
761654 
761656 
761657 
761659 
761661 
761662 
761663 
761664 
761665 
761667 
761668 
761669 
761670 
761671 
761672 
761673 
761674 
761675 
761676 
761677 
761678 
761679 
761680 
761681 
761682 
761683 
761685 
761687 
761693 
761694 
761695 
761696 
761697 
761698 
761699 
761700 
761701 
761702 
761703 
761704 
761705 
761706 
761707 
761709 
761715 
761716 
761717 
761718 
761719 
761720 
761721 
761722 
761723 
761724 
761725 
761726 
761727 
761730 
761732 
761734 
761739 
761740 
761741 
761742 
761743 
761744 
761745 
761746 
761747 
761748 
761749 
761750 
761751 
761754 
761756 
761758 
761764 
761765 
761766 
761767 
761768 
761769 
761770 
761771 
761772 
761773 
761774 
761775 
761776 
761777 
761778 
761779 
761780 
761781 
761782 
761784 
761786 
761787 
761788 
761789 
761790 
761792 
761793 
761795 
761797 
761798 
761799 
761800 
761801 
761803 
761804 
761806 
761807 
761808 
761809 
761810 
761812 
761813 
761815 
761816 
761817 
761819 
761821 
761822 
761823 
761825 
761827 
761828 
761830 
761831 
761833 
761834 
761835 
761836 
761837 
761839 
761840 
761842 
761843 
761844 
761846 
761848 
761849 
761850 
761852 
761854 
761855 
761857 
761858 
761860 
761861 
761862 
761864 
761866 
761867 
761868 
761870 
761872 
761873 
761875 
761876 
761878 
761879 
761880 
761881 
761882 
761884 
761885 
761887 
761888 
761889 
761891 
761893 
761894 
761895 
761897 
761899 
761900 
761902 
761903 
761905 
761906 
761907 
761908 
761909 
761911 
761912 
761914 
761916 
761917 
761918 
761919 
761920 
761922 
761923 
761925 
761926 
761928 
761929 
761930 
761931 
761933 
761934 
761935 
761936 
761937 
761938 
761939 
761940 
761941 
761942 
761943 
761944 
761945 
761946 
761947 
761948 
761949 
761950 
761951 
761952 
761953 
761954 
761955 
761957 
761963 
761964 
761965 
761966 
761967 
761968 
761969 
761970 
761971 
761972 
761973 
761974 
761975 
761976 
761979 
761981 
761987 
761988 
761989 
761990 
761991 
761992 
761993 
761994 
761995 
761996 
761997 
761998 
761999 
762002 
762004 
762006 
762011 
762013 
762014 
762015 
762016 
762017 
762018 
762019 
762020 
762021 
762022 
762023 
762024 
762025 
762027 
762029 
762034 
762036 
762037 
762038 
762039 
762040 
762041 
762042 
762043 
762044 
762045 
762046 
762048 
762050 
762051 
762052 
762053 
762054 
762056 
762057 
762059 
762060 
762061 
762062 
762063 
762065 
762066 
762068 
762069 
762070 
762072 
762074 
762075 
762076 
762078 
762080 
762081 
762083 
762084 
762086 
762087 
762088 
762090 
762092 
762093 
762094 
762096 
762098 
762099 
762101 
762102 
762104 
762105 
762106 
762107 
762108 
762110 
762111 
762113 
762114 
762116 
762117 
762118 
762119 
762121 
762122 
762123 
762124 
762125 
762126 
762127 
762128 
762269 
762271 
762272 
762273 
762274 
762275 
762277 
762278 
762280 
762282 
762283 
762284 
762285 
762287 
762288 
762290 
762292 
762293 
762294 
762295 
762296 
762297 
762298 
762299 
762300 
762303 
762304 
762305 
762306 
762308 
762309 
762310 
762311 
762312 
762313 
762314 
762315 
762316 
762317 
762318 
762319 
762321 
762322 
762324 
762326 
762328 
762329 
762330 
762331 
762333 
762334 
762336 
762338 
762339 
762340 
762341 
762343 
762344 
762346 
762348 
762349 
762350 
762351 
762353 
762354 
762356 
762358 
762359 
762360 
762361 
762362 
762363 
762364 
762365 
762366 
762368 
762370 
762371 
762372 
762373 
762374 
762376 
762377 
762379 
762381 
762383 
762384 
762385 
762386 
762387 
762388 
762390 
762391 
762393 
762395 
762396 
762397 
762398 
762399 
762401 
762402 
762404 
762407 
762409 
762410 
762411 
763140 
763141 
763143 
763144 
763145 
763146 
763148 
763149 
763150 
763152 
763153 
763155 
763156 
763157 
763158 
763159 
763161 
763162 
763163 
763164 
763167 
763168 
763169 
763170 
763171 
763172 
763173 
763174 
763175 
763176 
763177 
763178 
763179 
763181 
763182 
763183 
763184 
763186 
763187 
763188 
763190 
763191 
763193 
763194 
763196 
763198 
763199 
763201 
763203 
763204 
763206 
763208 
763209 
763211 
763213 
763214 
763216 
763218 
763219 
763221 
763223 
763224 
763226 
763227 
763228 
763230 
763231 
763232 
763233 
763234 
763235 
763236 
763237 
763238 
763239 
763240 
763241 
763242 
763244 
763245 
763246 
763247 
763249 
763250 
763251 
763253 
763254 
763256 
763257 
763259 
763260 
763262 
763264 
763265 
763266 
763267 
763269 
763270 
763271 
763272 
763275 
763276 
763278 
763279 
763280 
763281 
763283 
763286 
763287 
763288 
763289 
763291 
763292 
763294 
763298 
763299 
763300 
763301 
763303 
763306 
763307 
763308 
763309 
763311 
763312 
763314 
763318 
763319 
763320 
763321 
763322 
763324 
763327 
763328 
763329 
763330 
763332 
763333 
763335 
763339 
763340 
763341 
763342 
763343 
763345 
763348 
763349 
763350 
763351 
763353 
763354 
763356 
763360 
763361 
763362 
763363 
763364 
763366 
763367 
763368 
763369 
763370 
763371 
763373 
763374 
763376 
763377 
763378 
763379 
763381 
763383 
763384 
763385 
763386 
763388 
763389 
763390 
763391 
763392 
763394 
763395 
763396 
763397 
763401 
763402 
763403 
763404 
763405 
763407 
763409 
763410 
763411 
763412 
763414 
763415 
763416 
763417 
763420 
763421 
763422 
763423 
763424 
763425 
763426 
763427 
763428 
763429 
763430 
763431 
763433 
763434 
763435 
763436 
763438 
763439 
763440 
763442 
763443 
763445 
763446 
763448 
763450 
763451 
763453 
763455 
763456 
763458 
763460 
763461 
763463 
763464 
763465 
763466 
763467 
763468 
763469 
763470 
763471 
763472 
763473 
763474 
763475 
763477 
763478 
763479 
763480 
763482 
763483 
763484 
763486 
763487 
763489 
763490 
763492 
763494 
763495 
763497 
763499 
763500 
763502 
763504 
763505 
763507 
763509 
763510 
763512 
763514 
763515 
763517 
763519 
763520 
763522 
763524 
763525 
763527 
763528 
763529 
763530 
763531 
763532 
763533 
763534 
763535 
763536 
763537 
763538 
763539 
763541 
763542 
763543 
763544 
763546 
763547 
763548 
763550 
763551 
763553 
763554 
763556 
763558 
763559 
763561 
763563 
763564 
763566 
763568 
763569 
763571 
763572 
763573 
763574 
763575 
763576 
763577 
763578 
763579 
763580 
763581 
763582 
763583 
763585 
763586 
763587 
763588 
763590 
763591 
763592 
763594 
763595 
763597 
763598 
763600 
763601 
763603 
763605 
763606 
763607 
763608 
763610 
763611 
763612 
763613 
763617 
763619 
763620 
763621 
763622 
763624 
763625 
763626 
763627 
763628 
763630 
763631 
763632 
763633 
763637 
763638 
763640 
763641 
763642 
763643 
763645 
763646 
763648 
763649 
763650 
763651 
763653 
763656 
763657 
763658 
763659 
763661 
763662 
763664 
763668 
763669 
763670 
763671 
763672 
763674 
763677 
763678 
763679 
763680 
763682 
763683 
763685 
763689 
763690 
763692 
763693 
763695 
763698 
763699 
763700 
763701 
763703 
763704 
763706 
763710 
763711 
763712 
763713 
763714 
763716 
763719 
763720 
763721 
763722 
763724 
763725 
763727 
763731 
763732 
763733 
763734 
763736 
763737 
763738 
763740 
763741 
763742 
763743 
763745 
763747 
763748 
763750 
763751 
763753 
763755 
763756 
763757 
763758 
763760 
763761 
763762 
763763 
763768 
763769 
763770 
763771 
763772 
763773 
763774 
763775 
763776 
763777 
763778 
763779 
763780 
763782 
763783 
763784 
763785 
763787 
763788 
763789 
763791 
763792 
763794 
763795 
763797 
763799 
763800 
763802 
763804 
763805 
763807 
763808 
763809 
763811 
763813 
763814 
763816 
763818 
763819 
763821 
763823 
763824 
763826 
763827 
763828 
763830 
763831 
763832 
763833 
763834 
763835 
763836 
763837 
763838 
763839 
763840 
763841 
763842 
763844 
763845 
763846 
763847 
763849 
763850 
763851 
763853 
763854 
763855 
763856 
763858 
763859 
763861 
763863 
763864 
763865 
763866 
763868 
763869 
763870 
763871 
763874 
763875 
763876 
763878 
763879 
763880 
763881 
763883 
764290 
764291 
764294 
764295 
764296 
764297 
764299 
764300 
764301 
764302 
764303 
764304 
764305 
764309 
764310 
764311 
764312 
764314 
764316 
764317 
764318 
764320 
764321 
764322 
764323 
764324 
764325 
764327 
764328 
764329 
764330 
764331 
764334 
764335 
764336 
764337 
764338 
764339 
764340 
764342 
764343 
764344 
764346 
764347 
764348 
764349 
764350 
764351 
764352 
764354 
764355 
764356 
764357 
764358 
764361 
764362 
764363 
764364 
764365 
764366 
764367 
764368 
764371 
764372 
764373 
764374 
764376 
764377 
764378 
764379 
764380 
764381 
764382 
764384 
764387 
764388 
764389 
764390 
764391 
764392 
764393 
764396 
764397 
764398 
764399 
764400 
764402 
764403 
764404 
764405 
764406 
764407 
764408 
764411 
764412 
764413 
764415 
764416 
764417 
764420 
764421 
764422 
764423 
764424 
764425 
764426 
764427 
764428 
764429 
764433 
764434 
764435 
764436 
764438 
764440 
764441 
764442 
764444 
764445 
764446 
764447 
764448 
764449 
764450 
764452 
764453 
764454 
764455 
764456 
764459 
764460 
764461 
764462 
764463 
764464 
764466 
764467 
764468 
764470 
764471 
764472 
764474 
764475 
764476 
764477 
764479 
764480 
764481 
764482 
764483 
764486 
764487 
764488 
764489 
764490 
764491 
764493 
764494 
764495 
764497 
764498 
764500 
764501 
764502 
764503 
764505 
764506 
764507 
764508 
764509 
764512 
764513 
764514 
764515 
764516 
764517 
764519 
764520 
764521 
764523 
764524 
764525 
764527 
764528 
764529 
764530 
764532 
764533 
764534 
764535 
764536 
764539 
764540 
764541 
764542 
764543 
764544 
764545 
764546 
764547 
764550 
764551 
764552 
764553 
764554 
764555 
764556 
764557 
764558 
764559 
764561 
764564 
764565 
764566 
764567 
764569 
764570 
764571 
764574 
764575 
764576 
764577 
764578 
764580 
764581 
764582 
764583 
764584 
764585 
764586 
764589 
764590 
764591 
764592 
764593 
764594 
764595 
764598 
764599 
764600 
764601 
764603 
764604 
764605 
764606 
764607 
764608 
764609 
764613 
764614 
764615 
764617 
764619 
764620 
764621 
764623 
764624 
764625 
764627 
764628 
764629 
764630 
764632 
764633 
764634 
764635 
764636 
764639 
764640 
764641 
764642 
764643 
764644 
764646 
764647 
764648 
764650 
764651 
764652 
764654 
764655 
764656 
764657 
764659 
764660 
764661 
764662 
764663 
764666 
764667 
764668 
764669 
764670 
764671 
764672 
764673 
764676 
764677 
764678 
764679 
764680 
764681 
764682 
764683 
764684 
764685 
764686 
764688 
764691 
764692 
764693 
764694 
764696 
764705 
764706 
764707 
764708 
764709 
764710 
764711 
764712 
764793 
764794 
764795 
764798 
764800 
764801 
764803 
764804 
764805 
764808 
764810 
764811 
764813 
764814 
764815 
764818 
764820 
764821 
764823 
764824 
764825 
764828 
764830 
764831 
764833 
764834 
764835 
764838 
764840 
764841 
764843 
764844 
764845 
764848 
764850 
764851 
764853 
764854 
764855 
764858 
764860 
764861 
764863 
764864 
764865 
764868 
764870 
764871 
764929 
764930 
764932 
764933 
764934 
764935 
764936 
764939 
764940 
764941 
764942 
764943 
764944 
764947 
764948 
764949 
764950 
764951 
764952 
764954 
764955 
764956 
764957 
764958 
764959 
764962 
764963 
764964 
764965 
764966 
764969 
764970 
764971 
764972 
764973 
764974 
764976 
764977 
764978 
764979 
764980 
764982 
764983 
764984 
764985 
765130 
765131 
765132 
765134 
765136 
765137 
765138 
765140 
765141 
765143 
765146 
765147 
765148 
765149 
765150 
765152 
765154 
765155 
765156 
765158 
765159 
765161 
765164 
765165 
765166 
765167 
765168 
765170 
765172 
765173 
765174 
765176 
765177 
765179 
765182 
765183 
765184 
765185 
765186 
765188 
765190 
765191 
765192 
765194 
765195 
765197 
765200 
765201 
765202 
765203 
765204 
765206 
765208 
765209 
765210 
765212 
765213 
765215 
765218 
765219 
765220 
765221 
765222 
765224 
765225 
765226 
765228 
765230 
765231 
765233 
765236 
765237 
765238 
765239 
765240 
765242 
765244 
765245 
765246 
765248 
765249 
765251 
765254 
765255 
765256 
765257 
765258 
765260 
765261 
765262 
765264 
765266 
765267 
765269 
765272 
765273 
765306 
765307 
765310 
765311 
765314 
765315 
765318 
765319 
765322 
765323 
765326 
765327 
765330 
765331 
765334 
765335 
768063 
768064 
768065 
768067 
768068 
768069 
768070 
768071 
768072 
768073 
768074 
768075 
768076 
768077 
768078 
768079 
768080 
768081 
768082 
768083 
768084 
768085 
768086 
768087 
768088 
768089 
768090 
768091 
768092 
768093 
768094 
768095 
768096 
768097 
768098 
768099 
768100 
768101 
768102 
768103 
768104 
768105 
768106 
768107 
768108 
768109 
768110 
768111 
768112 
768113 
768114 
768115 
768116 
768117 
768118 
768119 
768120 
768121 
768122 
768124 
768125 
768126 
768127 
768128 
768129 
768130 
768131 
768132 
768133 
768134 
768135 
768136 
768137 
768138 
768139 
768145 
768146 
768147 
768153 
768154 
768155 
768156 
768157 
768158 
768159 
768160 
768161 
768162 
768163 
768164 
768165 
768166 
768167 
768168 
768169 
768170 
768171 
768172 
768173 
768174 
768175 
768176 
768177 
768178 
768179 
768180 
768181 
768182 
768183 
768184 
768185 
768186 
768187 
768188 
768189 
768190 
768191 
768192 
768193 
768194 
768195 
768196 
768197 
768198 
768199 
768200 
768201 
768202 
768203 
768204 
768205 
768206 
768207 
768208 
768209 
768210 
768211 
768212 
768213 
768214 
768215 
768216 
768217 
768218 
768219 
768220 
768221 
768222 
768223 
768224 
768225 
768226 
768227 
768228 
768229 
768230 
768231 
768232 
768233 
768234 
768235 
768236 
768237 
768238 
768239 
768240 
768241 
768242 
768243 
768244 
768245 
768246 
768247 
768248 
768249 
768250 
768251 
768252 
768253 
768254 
768255 
768256 
768257 
768258 
768259 
768260 
768261 
768262 
768263 
768264 
768265 
768266 
768267 
768268 
768269 
768270 
768271 
768272 
768273 
768274 
768275 
768276 
768277 
768278 
768279 
768280 
768281 
768282 
768283 
768284 
768285 
768286 
768287 
768288 
768289 
768290 
768291 
768292 
768293 
768294 
768295 
768296 
768297 
768298 
768299 
768300 
768301 
768302 
768303 
768304 
768305 
768306 
768307 
768308 
768309 
768310 
768311 
768312 
768313 
768314 
768315 
768316 
768317 
768318 
768319 
768320 
768321 
768322 
768323 
768324 
768325 
768326 
768327 
768328 
768329 
768330 
768331 
768332 
768333 
768334 
768335 
768336 
768337 
768338 
768339 
768340 
768341 
768342 
768345 
768346 
768347 
768348 
768349 
768350 
768358 
768359 
768360 
768361 
768362 
768363 
768364 
768365 
768366 
768367 
768368 
768369 
768370 
768371 
768372 
768373 
768374 
768375 
768376 
768377 
768378 
768379 
768380 
768381 
768382 
768383 
768384 
768385 
768386 
768387 
768388 
768389 
768390 
768391 
768392 
768393 
768394 
768395 
768396 
768397 
768398 
768399 
768400 
768401 
768402 
768403 
768404 
768405 
768406 
768407 
768408 
768409 
768410 
768411 
768412 
768413 
768414 
768415 
768416 
768417 
768418 
768419 
768420 
768421 
768422 
768423 
768424 
768425 
768426 
768427 
768428 
768429 
768430 
768431 
768432 
768433 
768434 
768435 
768436 
768437 
768438 
768439 
768440 
768441 
768442 
768443 
768444 
768445 
768446 
768447 
768448 
768449 
768450 
768451 
768452 
768453 
768454 
768455 
768456 
768457 
768458 
768459 
768460 
768461 
768462 
768463 
768464 
768465 
768466 
768467 
768468 
768469 
768470 
768471 
768472 
768473 
768474 
768475 
768476 
768477 
768478 
768479 
768480 
768481 
768482 
768483 
768484 
768485 
768486 
768487 
768488 
768489 
768490 
768491 
768492 
768493 
768494 
768495 
768496 
768497 
768498 
768499 
768500 
768501 
768502 
768503 
768504 
768505 
768506 
768507 
768508 
768509 
768510 
768511 
768512 
768513 
768514 
768515 
768516 
768517 
768518 
768519 
768520 
768521 
768522 
768523 
768524 
768525 
768526 
768527 
768528 
768529 
768530 
768531 
768532 
768533 
768534 
768535 
768536 
768537 
768538 
768539 
768540 
768541 
768542 
768543 
768544 
768545 
768546 
768547 
768548 
768549 
768550 
768551 
768552 
768553 
768554 
768555 
768556 
768557 
768558 
768559 
768560 
768561 
768562 
768563 
768564 
768565 
768566 
768567 
768568 
768569 
768570 
768571 
768572 
768573 
768574 
768575 
768576 
768577 
768578 
768579 
768580 
768581 
768582 
768583 
768584 
768585 
768586 
768587 
768588 
768589 
768590 
768591 
768592 
768593 
768594 
768595 
768596 
768597 
768598 
768599 
768600 
768601 
768602 
768603 
768604 
768605 
768606 
768607 
768608 
768613 
768614 
768615 
768617 
768618 
768619 
768620 
768621 
768622 
768623 
768624 
768625 
768626 
768627 
768628 
768629 
768630 
768631 
768632 
768633 
768634 
768635 
768636 
768637 
768638 
768639 
768640 
768641 
768642 
768643 
768644 
768645 
768646 
768647 
768648 
768649 
768650 
768651 
768652 
768653 
768654 
768655 
768656 
768657 
768658 
768659 
768660 
768661 
768662 
768663 
768664 
768665 
768666 
768667 
768668 
768669 
768670 
768671 
768672 
768673 
768674 
768675 
768676 
768677 
768678 
768679 
768680 
768681 
768682 
768683 
768684 
768685 
768686 
768687 
768688 
768689 
768690 
768691 
768692 
768693 
768694 
768695 
768696 
768697 
768698 
768699 
768700 
768701 
768702 
768703 
768704 
768705 
768706 
768707 
768708 
768709 
768710 
768711 
768712 
768713 
768714 
768715 
768716 
768717 
768718 
768719 
768720 
768721 
768722 
768723 
768724 
768725 
768726 
768727 
768728 
768729 
768730 
768731 
768732 
768733 
768734 
768735 
768736 
768737 
768738 
768739 
768740 
768741 
768742 
768743 
768744 
768745 
768746 
768747 
768748 
768749 
768750 
768751 
768752 
768753 
768754 
768755 
768756 
768757 
768758 
768759 
768760 
768761 
768762 
768763 
768764 
768765 
768766 
768767 
768768 
768769 
768770 
768771 
768772 
768773 
768774 
768775 
768776 
768777 
768778 
768779 
768780 
768781 
768782 
768783 
768784 
768785 
768786 
768787 
768788 
768789 
768790 
768791 
768792 
768793 
768794 
768795 
768796 
768797 
768798 
768799 
768800 
768801 
768802 
768803 
768804 
768805 
768806 
768807 
768808 
768809 
768810 
768811 
768812 
768813 
768814 
768815 
768816 
768817 
768818 
768819 
768820 
768821 
768822 
768823 
768824 
768825 
768826 
768827 
768828 
768829 
768830 
768831 
768832 
768833 
768834 
768835 
768836 
768837 
768838 
768839 
768840 
768841 
768842 
768843 
768844 
768845 
768846 
768847 
768848 
768849 
768850 
768851 
768852 
768853 
768854 
768855 
768856 
768857 
768858 
768859 
768860 
768861 
768862 
768863 
768864 
768865 
768866 
768867 
768868 
768869 
768870 
768871 
768872 
768873 
768874 
768875 
768876 
768877 
768878 
768879 
768880 
768881 
768882 
768883 
768884 
768885 
768886 
768887 
768888 
768892 
768893 
768894 
768895 
768896 
768897 
768898 
768899 
768900 
768901 
768902 
768903 
768904 
768905 
768906 
768907 
768908 
768909 
768910 
768911 
768912 
768913 
768914 
768915 
768916 
768917 
768918 
768919 
768920 
768921 
768922 
768923 
768924 
768925 
768926 
768927 
768928 
768929 
768930 
768931 
768932 
768933 
768934 
768935 
768936 
768937 
768938 
768939 
768940 
768941 
768942 
768943 
768944 
768945 
768946 
768947 
768948 
768949 
768950 
768951 
768952 
768953 
768954 
768955 
768956 
768957 
768958 
768959 
768960 
768961 
768962 
768963 
768964 
768965 
768966 
768967 
768968 
768969 
768970 
768971 
768972 
768973 
768974 
768975 
768976 
768977 
768978 
768979 
768980 
768981 
768982 
768983 
768984 
768985 
768986 
768987 
768988 
768989 
768990 
768991 
768992 
768993 
768994 
768995 
768996 
768997 
768998 
768999 
769000 
769001 
769002 
769003 
769004 
769005 
769006 
769007 
769008 
769009 
769010 
769011 
769012 
769013 
769014 
769015 
769016 
769017 
769018 
769019 
769020 
769021 
769022 
769023 
769024 
769025 
769026 
769027 
769028 
769029 
769030 
769031 
769032 
769033 
769034 
769035 
769036 
769037 
769038 
769039 
769040 
769041 
769042 
769043 
769044 
769045 
769046 
769047 
769048 
769049 
769050 
769051 
769052 
769053 
769054 
769055 
769056 
769057 
769058 
769059 
769060 
769061 
769062 
769063 
769064 
769065 
769066 
769067 
769068 
769069 
769070 
769071 
769072 
769073 
769074 
769075 
769076 
769077 
769078 
769079 
769080 
769081 
769082 
769083 
769084 
769085 
769086 
769087 
769088 
769089 
769090 
769091 
769092 
769093 
769094 
769095 
769096 
769097 
769098 
769099 
769100 
769101 
769102 
769103 
769104 
769105 
769106 
769107 
769108 
769109 
769110 
769111 
769112 
769113 
769114 
769115 
769116 
769117 
769118 
769119 
769120 
769121 
769122 
769123 
769124 
769125 
769126 
769127 
769128 
769129 
769130 
769131 
769132 
769133 
769134 
769135 
769136 
769137 
769138 
769139 
769140 
769141 
769142 
769143 
769144 
769145 
769146 
769147 
769148 
769149 
769150 
769151 
769152 
769153 
769154 
769155 
769156 
769157 
769158 
769159 
769160 
769161 
769162 
769163 
769164 
769165 
769166 
769167 
769168 
769169 
769170 
769171 
769172 
769173 
769174 
769175 
769176 
769177 
769178 
769179 
769180 
769181 
769182 
769183 
769187 
769188 
769189 
769190 
769191 
769192 
769193 
769194 
769195 
769196 
769197 
769198 
769199 
769200 
769201 
769202 
769203 
769204 
769205 
769206 
769207 
769208 
769209 
769210 
769211 
769212 
769213 
769214 
769215 
769216 
769217 
769218 
769219 
769220 
769221 
769222 
769223 
769224 
769225 
769226 
769227 
769228 
769229 
769230 
769231 
769232 
769233 
769234 
769235 
769236 
769237 
769238 
769239 
769240 
769241 
769242 
769243 
769244 
769245 
769246 
769247 
769248 
769249 
769250 
769251 
769252 
769253 
769254 
769255 
769256 
769257 
769258 
769259 
769260 
769261 
769262 
769263 
769264 
769265 
769266 
769267 
769268 
769269 
769270 
769271 
769272 
769273 
769274 
769275 
769276 
769277 
769278 
769279 
769280 
769281 
769282 
769283 
769284 
769285 
769286 
769287 
769288 
769289 
769290 
769291 
769292 
769293 
769294 
769295 
769296 
769297 
769298 
769299 
769300 
769301 
769302 
769303 
769304 
769305 
769306 
769307 
769308 
769309 
769310 
769311 
769312 
769313 
769314 
769315 
769316 
769317 
769318 
769319 
769320 
769321 
769322 
769323 
769324 
769325 
769326 
769327 
769328 
769329 
769330 
769331 
769332 
769333 
769334 
769335 
769336 
769337 
769338 
769339 
769340 
769341 
769342 
769343 
769344 
769345 
769346 
769347 
769348 
769349 
769350 
769351 
769352 
769353 
769354 
769355 
769356 
769357 
769358 
769359 
769360 
769361 
769362 
769363 
769364 
769365 
769366 
769367 
769368 
769369 
769370 
769371 
769372 
769373 
769374 
769375 
769376 
769377 
769378 
769379 
769380 
769381 
769382 
769383 
769384 
769385 
769386 
769387 
769388 
769389 
769390 
769391 
769392 
769393 
769394 
769395 
769396 
769397 
769398 
769399 
769400 
769401 
769402 
769403 
769404 
769405 
769406 
769407 
769408 
769409 
769410 
769411 
769412 
769413 
769414 
769415 
769416 
769417 
769418 
769419 
769420 
769421 
769422 
769423 
769424 
769425 
769426 
769427 
769428 
769429 
769430 
769431 
769432 
769433 
769434 
769435 
769436 
769437 
769438 
769439 
769440 
769441 
769442 
769443 
769444 
769445 
769446 
769447 
769448 
769449 
769450 
769451 
769452 
769453 
769454 
769455 
769456 
769457 
769458 
769459 
769460 
769461 
769462 
769463 
769464 
769465 
769466 
769467 
769468 
769469 
769470 
769471 
769472 
769473 
769474 
769475 
769476 
769477 
769478 
769479 
769480 
769481 
769482 
769484 
769485 
769486 
769487 
769488 
769489 
769490 
769491 
769492 
769493 
769494 
769495 
769496 
769497 
769498 
769499 
769500 
769501 
769502 
769503 
769506 
769507 
769508 
769509 
769510 
769511 
769512 
769513 
769514 
769515 
769516 
769517 
769518 
769519 
769520 
769521 
769522 
769523 
769524 
769525 
769526 
769527 
769528 
769529 
769530 
769531 
769532 
769533 
769534 
769535 
769536 
769537 
769538 
769539 
769540 
769541 
769542 
769543 
769544 
769545 
769546 
769547 
769548 
769549 
769550 
769551 
769552 
769553 
769554 
769555 
769556 
769557 
769558 
769559 
769560 
769561 
769562 
769563 
769564 
769565 
769566 
769567 
769568 
769569 
769570 
769571 
769572 
769573 
769574 
769575 
769576 
769577 
769578 
769579 
769580 
769581 
769582 
769583 
769584 
769585 
769586 
769587 
769588 
769589 
769590 
769591 
769592 
769593 
769594 
769595 
769596 
769597 
769598 
769599 
769600 
769601 
769602 
769603 
769604 
769605 
769606 
769607 
769608 
769609 
769610 
769611 
769612 
769613 
769614 
769615 
769616 
769617 
769618 
769619 
769620 
769621 
769622 
769623 
769624 
769625 
769626 
769627 
769628 
769629 
769630 
769631 
769632 
769633 
769634 
769635 
769636 
769637 
769638 
769639 
769640 
769641 
769642 
769643 
769644 
769645 
769646 
769647 
769648 
769649 
769650 
769651 
769652 
769653 
769654 
769655 
769656 
769657 
769658 
769659 
769660 
769661 
769662 
769663 
769664 
769665 
769666 
769667 
769668 
769669 
769670 
769671 
769672 
769673 
769674 
769675 
769676 
769677 
769678 
769679 
769680 
769681 
769682 
769683 
769684 
769685 
769686 
769687 
769688 
769689 
769690 
769691 
769692 
769693 
769694 
769695 
769696 
769697 
769698 
769699 
769700 
769701 
769702 
769703 
769704 
769705 
769706 
769707 
769708 
769709 
769710 
769711 
769712 
769713 
769714 
769715 
769716 
769717 
769718 
769719 
769720 
769721 
769722 
769723 
769724 
769725 
769726 
769727 
769728 
769729 
769730 
769731 
769732 
769733 
769734 
769735 
769736 
769737 
769738 
769739 
769740 
769741 
769742 
769743 
769744 
769745 
769746 
769747 
769748 
769749 
769750 
769751 
769752 
769753 
769754 
769755 
769756 
769757 
769758 
769759 
769760 
769761 
769762 
769763 
769764 
769765 
769766 
769767 
769768 
769769 
769770 
769771 
769772 
769773 
769774 
769775 
769776 
769777 
769781 
769782 
769783 
769784 
769785 
769786 
769787 
769788 
769789 
769790 
769791 
769792 
769793 
769794 
769795 
769796 
769803 
769804 
769805 
769806 
769807 
769808 
769809 
769810 
769811 
769812 
769813 
769814 
769815 
769816 
769817 
769818 
769819 
769820 
769821 
769822 
769823 
769824 
769825 
769826 
769827 
769828 
769829 
769830 
769831 
769832 
769833 
769834 
769835 
769836 
769837 
769838 
769839 
769840 
769841 
769842 
769843 
769844 
769845 
769846 
769847 
769848 
769849 
769850 
769851 
769852 
769853 
769854 
769855 
769856 
769857 
769858 
769859 
769860 
769861 
769862 
769863 
769864 
769865 
769866 
769867 
769868 
769869 
769870 
769871 
769872 
769873 
769874 
769875 
769876 
769877 
769878 
769879 
769880 
769881 
769882 
769883 
769884 
769885 
769886 
769887 
769888 
769889 
769890 
769891 
769892 
769893 
769894 
769895 
769896 
769897 
769898 
769899 
769900 
769901 
769902 
769903 
769904 
769905 
769906 
769907 
769908 
769909 
769910 
769911 
769912 
769913 
769914 
769915 
769916 
769917 
769918 
769919 
769920 
769921 
769922 
769923 
769924 
769925 
769926 
769927 
769928 
769929 
769930 
769931 
769932 
769933 
769934 
769935 
769936 
769937 
769938 
769939 
769940 
769941 
769942 
769943 
769944 
769945 
769946 
769947 
769948 
769949 
769950 
769951 
769952 
769953 
769954 
769955 
769956 
769957 
769958 
769959 
769960 
769961 
769962 
769963 
769964 
769965 
769966 
769967 
769968 
769969 
769970 
769971 
769972 
769973 
769974 
769975 
769976 
769977 
769978 
769979 
769980 
769981 
769982 
769983 
769984 
769985 
769986 
769987 
769988 
769989 
769990 
769991 
769992 
769993 
769994 
769995 
769996 
769997 
769998 
769999 
770000 
770001 
770002 
770003 
770004 
770005 
770006 
770007 
770008 
770009 
770010 
770011 
770012 
770013 
770014 
770015 
770016 
770017 
770018 
770019 
770020 
770021 
770022 
770023 
770024 
770025 
770026 
770027 
770028 
770029 
770030 
770031 
770032 
770033 
770034 
770035 
770036 
770037 
770038 
770039 
770040 
770041 
770042 
770043 
770044 
770045 
770046 
770047 
770048 
770049 
770050 
770051 
770052 
770053 
770057 
770058 
770059 
770063 
770064 
770065 
770066 
770067 
770068 
770072 
770073 
770074 
770075 
770076 
770077 
770078 
770079 
770080 
770081 
770082 
770083 
770084 
770085 
770086 
770087 
770088 
770089 
770090 
770091 
770092 
770093 
770094 
770095 
770096 
770097 
770098 
770099 
770100 
770101 
770102 
770103 
770104 
770105 
770106 
770107 
770108 
770109 
770110 
770111 
770112 
770113 
770114 
770115 
770116 
770117 
770118 
770119 
770120 
770121 
770122 
770123 
770124 
770125 
770126 
770127 
770128 
770129 
770130 
770131 
770132 
770133 
770134 
770135 
770136 
770137 
770138 
770139 
770140 
770141 
770142 
770143 
770144 
770145 
770146 
770147 
770148 
770149 
770150 
770151 
770152 
770153 
770154 
770155 
770156 
770157 
770158 
770159 
770160 
770161 
770162 
770163 
770164 
770165 
770166 
770167 
770168 
770169 
770170 
770171 
770172 
770173 
770174 
770175 
770176 
770177 
770178 
770179 
770180 
770181 
770182 
770183 
770184 
770185 
770186 
770187 
770188 
770189 
770190 
770191 
770192 
770193 
770194 
770195 
770196 
770197 
770198 
770199 
770200 
770201 
770202 
770203 
770204 
770205 
770206 
770207 
770208 
770209 
770210 
770211 
770212 
770213 
770214 
770215 
770216 
770217 
770218 
770219 
770220 
770221 
770222 
770223 
770224 
770225 
770226 
770227 
770228 
770229 
770230 
770231 
770232 
770233 
770234 
770235 
770236 
770237 
770238 
770239 
770240 
770241 
770242 
770243 
770244 
770245 
770246 
770247 
770248 
770249 
770250 
770251 
770252 
770253 
770254 
770255 
770256 
770257 
770258 
770259 
770260 
770261 
770271 
770272 
770273 
770277 
770278 
770279 
770280 
770281 
770282 
770283 
770284 
770285 
770286 
770287 
770288 
770289 
770290 
770291 
770292 
770296 
770297 
770298 
770299 
770300 
770301 
770302 
770303 
770304 
770305 
770306 
770307 
770308 
770309 
770310 
770311 
770312 
770313 
770314 
770315 
770319 
770320 
770321 
770322 
770323 
770324 
770325 
770326 
770327 
770328 
770329 
770330 
770331 
770332 
770333 
770334 
770335 
770336 
770337 
770338 
770342 
770343 
770344 
770345 
770346 
770347 
770348 
770349 
770350 
770351 
770352 
770353 
770354 
770355 
770356 
770357 
770360 
770361 
770362 
770427 
770428 
770429 
770430 
770431 
770432 
770433 
770434 
770435 
770436 
770437 
770438 
770439 
770440 
770441 
770442 
770443 
770444 
770445 
770446 
770447 
770448 
770449 
770450 
770451 
770452 
770453 
770454 
770455 
770456 
770457 
770458 
770459 
770460 
770461 
770462 
770463 
770464 
770465 
770466 
770467 
770468 
770469 
770470 
770471 
770472 
770473 
770474 
770475 
770476 
770477 
770478 
770479 
770480 
770481 
770482 
770483 
770484 
770485 
770486 
770487 
770488 
770489 
770490 
770634 
770635 
770636 
770637 
770638 
770639 
770640 
770641 
770642 
770643 
770644 
770645 
770646 
770647 
770648 
770649 
770658 
770659 
770660 
770661 
770662 
770663 
770664 
770665 
770670 
770671 
770672 
770673 
770674 
770675 
770676 
770677 
770680 
770681 
770682 
770683 
770684 
770685 
770686 
770687 
770688 
770689 
770690 
770691 
770692 
770693 
770694 
770695 
770696 
770697 
770698 
770699 
770700 
770701 
770702 
770703 
770704 
770705 
770706 
770707 
770708 
770709 
770710 
770711 
770712 
770713 
770714 
770715 
770716 
770717 
770718 
770719 
770725 
770726 
770727 
770728 
770729 
770730 
770731 
770732 
770740 
770741 
770742 
770743 
770744 
770745 
770746 
770747 
770748 
770749 
770750 
770751 
770752 
770753 
770754 
770755 
770913 
770914 
770915 
770916 
770917 
770920 
770921 
770922 
770923 
770924 
770925 
770926 
770927 
770928 
770929 
770930 
770931 
770932 
770933 
770934 
770935 
770936 
770937 
770938 
770939 
770940 
770941 
770942 
770943 
770944 
770945 
770947 
770948 
770949 
770950 
770951 
770953 
770954 
770955 
770956 
770959 
770960 
770961 
770962 
770963 
770966 
770967 
770968 
770969 
770970 
770973 
770974 
770975 
770976 
770977 
770978 
770979 
770980 
770981 
770982 
770983 
770984 
770985 
770986 
770987 
770988 
770989 
770990 
770991 
770992 
770993 
770994 
770995 
770996 
770997 
770998 
770999 
771000 
771001 
771002 
771003 
771004 
771005 
771006 
771007 
771008 
771009 
771010 
771011 
771012 
771013 
771014 
771016 
771017 
771018 
771019 
771020 
771021 
771022 
771023 
771024 
771025 
771026 
771027 
771028 
771030 
771031 
771032 
771033 
771034 
771037 
771038 
771039 
771040 
771041 
771042 
771043 
771044 
771045 
771046 
771047 
771048 
771049 
771050 
771051 
771052 
771053 
771054 
771055 
771056 
771057 
771062 
771063 
771064 
771065 
771066 
771069 
771070 
771071 
771072 
771134 
771135 
771136 
771140 
771141 
771142 
771145 
771146 
771147 
771152 
771153 
771154 
771159 
771160 
771161 
771164 
771165 
771166 
771169 
771170 
771171 
771173 
771174 
771175 
771405 
771406 
771408 
771409 
771410 
771411 
771412 
771413 
771414 
771415 
771416 
771417 
771418 
771419 
771420 
771421 
771422 
771423 
771424 
771425 
771426 
771427 
771428 
771430 
771431 
771432 
771433 
771434 
771435 
771436 
771437 
771438 
771439 
771440 
771441 
771442 
771443 
771444 
771445 
771446 
771447 
771448 
771449 
771450 
771451 
771452 
771453 
771454 
771455 
771456 
771457 
771458 
771459 
771460 
771461 
771462 
771463 
771464 
771465 
771466 
771467 
771468 
771469 
771470 
771471 
771472 
771473 
771474 
771475 
771476 
771477 
771478 
771479 
771480 
771481 
771482 
771483 
771485 
771486 
771487 
771488 
771489 
771490 
771492 
771493 
771494 
771495 
771496 
771497 
771498 
771499 
771500 
771501 
771502 
771503 
771504 
771505 
771506 
771507 
771508 
771510 
771511 
771512 
771513 
771514 
771515 
771516 
771517 
771518 
771519 
771520 
771521 
771522 
771523 
771524 
771525 
771527 
771528 
771530 
771531 
771532 
771533 
771534 
771535 
771536 
771537 
771538 
771539 
771540 
771541 
771542 
771543 
771545 
771546 
771547 
771548 
771549 
771550 
771551 
771552 
771553 
771554 
771555 
771556 
771557 
771558 
771559 
771560 
771561 
771562 
771563 
771564 
771565 
771566 
771567 
771568 
771569 
771570 
771571 
771572 
771573 
771574 
771575 
771576 
771577 
771578 
771579 
771580 
771581 
771582 
771583 
771584 
771585 
771586 
771587 
771588 
771589 
771590 
771591 
771592 
771593 
771594 
771595 
771596 
771597 
771598 
771600 
771601 
771602 
771603 
771604 
771605 
771607 
771608 
771609 
771610 
771611 
771612 
771613 
771614 
771615 
771616 
771617 
771618 
771619 
771620 
771621 
771622 
771623 
771624 
771625 
771626 
771627 
771628 
771629 
771630 
771631 
771632 
771633 
771658 
771659 
771660 
771661 
771662 
771663 
771664 
771665 
771666 
771667 
771668 
771669 
771670 
771671 
771672 
771673 
771674 
771675 
771676 
771677 
771678 
771679 
771680 
771681 
771750 
771751 
771752 
771753 
771754 
771755 
771756 
771757 
771758 
771759 
771760 
771761 
771764 
771767 
771768 
771769 
771770 
771771 
771772 
771773 
771774 
771775 
771776 
771777 
771778 
771779 
771780 
771781 
771782 
771783 
771784 
771785 
771786 
771787 
771788 
771789 
771790 
771792 
771795 
771797 
771798 
771799 
771800 
771801 
771802 
771803 
771804 
771805 
771806 
771807 
771808 
771809 
771942 
771943 
771944 
771945 
771946 
771947 
771948 
771949 
771950 
771951 
771952 
771953 
771954 
771955 
771956 
771957 
771958 
771959 
771960 
771961 
771962 
771963 
771964 
771965 
771966 
771967 
771968 
771969 
771970 
771971 
771972 
771973 
771974 
771975 
771976 
771977 
771978 
771979 
771980 
771981 
771982 
771983 
771984 
771985 
771986 
771987 
771988 
771989 
771990 
771991 
771992 
771993 
771994 
771995 
771996 
771997 
771998 
771999 
772000 
772001 
772003 
772004 
772005 
772006 
772007 
772008 
772009 
772010 
772011 
772012 
772013 
772014 
772015 
772016 
772017 
772018 
772019 
772020 
772021 
772022 
772023 
772024 
772025 
772026 
772027 
772028 
772029 
772030 
772031 
772032 
772033 
772034 
772035 
772036 
772037 
772038 
772039 
772040 
772041 
772042 
772043 
772044 
772045 
772046 
772047 
772048 
772049 
772050 
772051 
772053 
772054 
772055 
772056 
772057 
772058 
772059 
772061 
772062 
772063 
772064 
772065 
772066 
772067 
772068 
772069 
772070 
772071 
772072 
772073 
772074 
772123 
772124 
772125 
772126 
772127 
772128 
772129 
772130 
772131 
772132 
772133 
772134 
772135 
772136 
772137 
772138 
772139 
772140 
772141 
772142 
772143 
772144 
772145 
772146 
772147 
772148 
772149 
772150 
772151 
772152 
772153 
772154 
772155 
772156 
772157 
772158 
772159 
772160 
772161 
772162 
772163 
772164 
772165 
772166 
772167 
772168 
772169 
772170 
772183 
772185 
772188 
772190 
772247 
772248 
772249 
772251 
772252 
772253 
772254 
772255 
772256 
772258 
772259 
772260 
772261 
772262 
772263 
772265 
772266 
772267 
772268 
772269 
772270 
772272 
772273 
772274 
772275 
772276 
772277 
772279 
772280 
772281 
772282 
772283 
772284 
772286 
772287 
772288 
772289 
772290 
772291 
772293 
772294 
772295 
772296 
772297 
772298 
772300 
772301 
772302 
772375 
772376 
772379 
772380 
772381 
772384 
772385 
772386 
772389 
772390 
772391 
772394 
772395 
772396 
772397 
772398 
772401 
772402 
772403 
772406 
772407 
772408 
772411 
772412 
772413 
772416 
772417 
772418 
772515 
772516 
772517 
772518 
772519 
772520 
772521 
772522 
772523 
772524 
772525 
772526 
772527 
772528 
772529 
772530 
772531 
772532 
772533 
772534 
772535 
772536 
772537 
772538 
)

// ************************************************************************* //
